 -1.86474733e-02  1.08435075e-03 -9.72327031e-03  1.59900058e-02
  1.55502371e-03  1.49132300e-03 -7.42812408e-03 -1.13131637e-02
  8.72816541e-04  1.67744327e-03  1.13232771e-03  4.52366984e-03
 -6.02246309e-03  9.96806100e-03 -2.31675408e-03  1.34366855e-03
  1.08925404e-03 -1.00316461e-02  3.88344494e-03 -1.67020655e-04
  2.00400110e-02 -5.23983128e-03  3.95180425e-03  1.26874195e-02
 -9.18078120e-04 -1.64177397e-03 -1.16755720e-02  3.41639551e-03
 -2.70591350e-03 -3.08285956e-03 -4.14341269e-03 -7.93961249e-03
 -6.16491772e-04 -9.38279554e-03  1.74223492e-03  1.21472206e-03
 -3.39884125e-03 -2.27562357e-02 -5.24214178e-04 -2.46161036e-03
  3.00365675e-04 -6.40771701e-04  7.98060268e-04 -1.36896297e-02
 -8.53000488e-03  2.75810307e-04 -3.91121805e-02 -1.59072075e-02
 -2.05288082e-03 -7.87869375e-03  1.31459255e-02  1.07890451e-02
 -9.86388978e-03  5.30407252e-03 -7.33462803e-04  2.49112560e-03
 -4.41481272e-04 -7.60505944e-02 -4.15406364e-04 -9.49451409e-04
  2.00708192e-02 -9.32471827e-04  5.92230633e-03  9.43274994e-04
 -9.49416950e-04 -6.08603470e-04  1.33200956e-03  4.41198237e-02
 -1.60731748e-03 -2.48216488e-03  1.20365676e-02 -1.06874143e-03
 -2.73403456e-03  5.88247273e-03 -1.68307777e-02 -5.73842146e-04
  2.33386148e-04  2.02363986e-03  6.71860529e-04 -1.23778488e-02
  1.21821193e-02  1.45972231e-02  1.91739143e-03  2.39191446e-02
 -6.03492232e-03 -1.91418850e-03 -2.07270076e-03  9.37560573e-03
  1.05882166e-02 -7.93939456e-03  8.38792138e-03  1.88766717e-05
  6.53869510e-02  3.15949600e-03 -2.46011792e-03  9.16859019e-04
 -6.09777262e-03  1.27192102e-02 -1.69674167e-04  1.01813802e-03
 -1.43511938e-02  1.98312732e-03 -2.23606415e-02  7.78179208e-04
  2.58986722e-03  3.47741437e-03  1.31884031e-03 -1.21693627e-03
 -1.54114945e-03  1.20754512e-02  4.30782675e-04  7.93021079e-03
 -4.24418114e-02  1.25080654e-02 -8.32771882e-04  1.07401256e-02
 -4.71765998e-05 -1.06984507e-02 -8.83213989e-03 -9.26956243e-04
 -1.73695211e-04  1.39928842e-03  1.65434350e-04  2.34398665e-03
 -1.92451873e-03  3.80004465e-04  5.99234784e-03  7.03572575e-03
  8.00997368e-04 -7.29415158e-04 -1.59012899e-02  4.01662616e-03
  8.64583533e-03 -3.13710072e-03 -1.35221286e-02 -1.43996337e-02
  4.03014664e-03  2.23894976e-03 -1.58612430e-03 -3.90942907e-03
 -2.39738170e-03 -3.37169389e-03  9.93221998e-04 -3.07325833e-03
 -8.23446899e-05  5.88486996e-03  3.32888938e-03  9.20418533e-04
  1.13401283e-02 -6.40706066e-03  5.44800190e-03 -1.99229660e-04
 -7.45382998e-03 -2.46371463e-04 -7.79480068e-03 -4.94640321e-04
  5.34593593e-03 -8.72568414e-03 -2.10150480e-02 -3.50767164e-04
  3.85977590e-04 -3.79988947e-03  3.05416808e-03 -6.68879971e-03
  4.35534239e-05  2.69952137e-03  2.53737029e-02 -2.84003909e-03
  1.38153834e-03  1.76863105e-04 -3.53787877e-02 -2.17940528e-02
 -3.76760075e-03  2.22718306e-02 -3.49027291e-03  6.96812849e-03
  1.87960919e-03  1.88714303e-02  3.66948382e-03 -6.19275449e-03
  1.50218327e-02  1.36179652e-03  3.18626761e-02  2.86400714e-03
  2.06189081e-02  5.67071587e-02 -9.09735821e-03 -1.00087561e-02
  1.09529030e-02  7.19321135e-04 -2.37193634e-03  5.86749986e-03
 -1.06047522e-02  3.26247001e-03 -5.29160490e-03 -7.64097879e-03
  5.19277761e-04  9.98305753e-02  6.87214779e-05  3.33063281e-03
  4.46231058e-03  2.92978017e-03  2.40830355e-03  1.49981268e-02
  2.86209490e-03 -1.71285123e-03  8.90066661e-03  6.49635796e-04
  2.15796437e-02 -4.50582337e-03 -2.94163194e-03 -2.92830518e-04
 -7.47340266e-03  2.67988862e-03  2.79130060e-02  6.56082528e-03
 -8.20016605e-04 -1.62341241e-02  3.42642912e-03  1.14268381e-02
  6.69537985e-04  4.80014685e-04  7.62409717e-03  1.25661138e-02
  6.45308476e-03  3.63770314e-02  7.09977059e-04 -1.94905559e-03
  1.40991025e-02 -8.17081146e-03 -7.78098125e-03 -1.09492475e-02
  1.00399172e-02  3.40924524e-02  1.31720696e-02  1.73524534e-03]
gradient195:[ 3.96403763e-03  1.97024690e-03 -1.13505332e-04 -3.21094471e-04
  4.29879816e-04 -8.34936742e-03 -3.96624627e-03 -7.47128204e-03
  5.48456504e-04 -2.68756016e-03  1.29391523e-02 -1.04023693e-02
  5.02885028e-04 -3.02453300e-05 -2.75466200e-02 -2.54365325e-04
 -2.89151864e-03 -4.95659607e-03  8.64888635e-03  5.03972115e-04
 -4.69587604e-03 -2.29290314e-03  1.28526660e-02 -2.19257195e-02
 -1.87661480e-02  5.20245451e-03  8.12067708e-04  1.65832806e-02
  1.27885910e-03  1.68553274e-02 -7.92324543e-03 -4.37621996e-02
 -4.63010510e-05 -3.73430029e-02 -4.56014602e-03 -2.77765654e-02
 -3.86635133e-04 -2.06706319e-02 -1.33642729e-03  9.88370972e-04
  5.61228860e-03 -3.11493059e-05 -1.69894670e-03 -1.05253821e-02
 -5.05135162e-03  9.73758847e-03 -1.10282190e-03 -5.97724400e-04
  6.50833827e-05  5.27379941e-03 -2.03538071e-02 -2.32120088e-04
  1.69944135e-04  1.41786935e-03  2.70720944e-03 -4.35924251e-03
  1.07584447e-02  1.98660931e-03 -4.12149681e-03  5.68592746e-04
 -2.10465118e-02 -4.52612340e-03  2.78693682e-04 -1.85496116e-03
  3.56164557e-04 -2.62183510e-03 -4.68397886e-03 -5.55088918e-04
 -1.34119135e-03  6.35118398e-04  1.95594457e-05 -7.92695646e-05
 -1.31992379e-03  3.78289167e-03  9.36776865e-03  2.04581744e-03
  1.91787374e-04 -5.73224109e-03 -5.23758179e-04 -7.09454180e-04
 -3.40453931e-03  8.06341413e-04 -3.04359337e-03 -1.05510252e-02
 -8.14113300e-05 -1.28845242e-03 -1.75939582e-03 -8.27306975e-03
  1.85102522e-02 -1.82495045e-03  8.46596377e-05 -2.53082579e-03
 -5.06738480e-03 -9.85289458e-03  1.85551506e-03  1.25069951e-03
 -8.47742148e-03 -3.80441372e-04  5.45650348e-03 -2.01517978e-04
 -6.59525907e-03  1.29085325e-03  6.18394651e-03 -1.10757584e-03
 -1.87692567e-04  9.78877943e-05  1.79719180e-04  4.05752752e-03
  1.40858465e-03  3.35339610e-05 -1.02339303e-02  1.03934733e-04
  7.12204492e-03  1.08147469e-04  1.75912181e-04  4.91039013e-04
 -3.10775312e-03  1.42167904e-03  2.56186072e-02 -1.12998955e-01
  0.00000000e+00 -1.61506310e-02 -1.41919767e-02 -7.88693316e-04
  3.65817943e-03  3.83740827e-03 -4.53419005e-03  6.93889987e-03
  3.45799210e-03 -1.85710995e-03  1.81804467e-02 -5.72253310e-04
 -1.97685696e-02 -1.30108017e-02 -2.06400338e-03  3.12929088e-03
 -6.55477168e-04 -1.89517031e-03 -3.86752374e-03  5.41222726e-05
  0.00000000e+00  4.37193252e-02 -5.99210209e-04 -1.80894439e-03
  1.48570270e-03  3.05283302e-03 -1.33169163e-03  1.65893207e-03
  8.04217812e-03 -1.48785673e-03  3.53799388e-02  3.20021668e-03
 -2.34999330e-04  1.53362816e-02  3.41795763e-04 -4.27765372e-05
  2.17370153e-03 -1.44606018e-02  1.00445689e-03  1.16811926e-02
  2.37570333e-04  1.90995377e-03  3.21161537e-03 -5.52525511e-03
 -1.21684354e-02  1.17309066e-03  3.02957161e-03  5.42373210e-03
  6.47416527e-05 -5.36654028e-04  6.63538231e-04  5.79822203e-03
 -2.96384911e-03  2.58731679e-03  1.45428418e-03 -4.09622415e-04
 -1.17757729e-04  2.36119376e-03  9.00115911e-03 -1.09666968e-02
  6.72730501e-04 -1.01145124e-03  4.19533718e-03 -5.19458391e-03
 -4.40057693e-03  1.08423119e-03 -3.78974387e-03 -1.34914443e-02
 -2.86471359e-02  2.16054381e-03  1.84519304e-04  0.00000000e+00
  1.30243530e-03 -2.85525643e-03  1.00703267e-02 -8.62711575e-03
  8.40729219e-04  2.18177287e-04  7.95622880e-04  7.04994018e-04
  8.57911725e-03  0.00000000e+00 -1.89252403e-02 -1.37694308e-03
 -5.84720285e-04 -1.01868641e-02  9.01946519e-03  2.24031415e-03
  1.14630181e-02  1.11935781e-02  1.44787654e-02  5.32650738e-04
 -1.16584182e-03 -1.53462996e-03  1.01448251e-02 -7.88348820e-03
 -1.29629381e-03 -5.46799302e-02  6.68542169e-04 -9.92053770e-04
 -5.45108232e-05  1.09550136e-03  1.01855975e-02  2.57362192e-03
  8.28295422e-04  6.46986626e-03 -3.04889196e-04  1.44676128e-02
 -3.66627844e-03 -1.63350962e-02  8.46834097e-04 -2.80061417e-04
 -6.19472936e-03  1.03055756e-03 -8.95000994e-03  3.30866489e-04
 -9.35239077e-04 -1.33369770e-02  4.38132876e-04 -3.94494785e-03
 -5.52746048e-03  6.87566935e-05  1.59052610e-02  8.03325966e-04
 -8.32657097e-05  3.19411559e-03  1.20107457e-02 -2.10338924e-02
  3.75679717e-03  1.32313538e-02 -3.43924463e-02 -1.29185314e-03
 -8.82759411e-03  1.95064885e-03  2.93094548e-03 -1.54664246e-02
 -1.35646798e-02  4.33971323e-02  4.20748536e-03 -9.95919667e-03
 -2.30215304e-03 -1.50816170e-02  1.03680687e-02  9.17633821e-04
  3.91585007e-03 -1.35824615e-02 -2.67792749e-03 -7.68188434e-03
  6.15653396e-03 -6.84580160e-03  2.58287368e-03  1.95963471e-03
  4.13209433e-03  2.08717678e-02 -8.45716987e-03  4.60014446e-03
 -1.12413522e-02  4.40466421e-04 -6.74974965e-03  1.11093856e-02
  6.12716482e-04  1.12491543e-03 -4.20675613e-03 -9.37675871e-03
  4.25524195e-04  5.34480612e-04  8.98931350e-04  2.70626880e-03
 -3.02762934e-03  7.02020759e-03 -1.61076209e-03  1.09599507e-03
  1.56722486e-03 -4.44366643e-03  2.57985201e-03  6.50373404e-05
  1.06863203e-02 -2.06238544e-03  2.66183401e-03  5.48334420e-03
 -3.70267953e-04 -2.10475153e-03 -4.93027130e-03  1.29303546e-03
 -1.47899706e-03 -1.27119862e-03 -2.69254227e-03 -4.60500084e-03
 -2.64640345e-04 -3.89724458e-03 -2.78207939e-03  3.92875721e-04
 -1.36306789e-03 -1.39608178e-02  1.88156555e-03 -7.14710273e-04
  5.38854394e-04 -3.71161266e-04 -1.18402131e-04 -9.10950173e-03
  4.27983236e-03  1.39838099e-04 -2.90531721e-02 -8.69777985e-03
 -1.18342286e-03 -4.03582165e-03  8.76410306e-03  6.79872232e-03
 -4.51949751e-03  3.94543353e-03 -4.69255538e-05  1.16028602e-03
 -4.70073661e-04 -6.71804696e-02 -5.25642943e-04 -8.16120941e-04
  1.06555140e-02 -4.52638662e-04  1.45750982e-03  4.92948398e-04
 -2.58455845e-03 -2.47995486e-04  6.85977866e-04  2.51585133e-02
 -2.48189177e-03  2.12481711e-04  8.58363695e-03 -1.01048534e-03
 -1.40734797e-03  3.72806564e-03 -9.65512916e-03 -2.13080435e-04
  8.78724532e-05  1.11880130e-03  3.18635342e-04 -6.04468258e-03
  7.13210134e-03  4.72349161e-03  1.45753659e-03  1.48026245e-02
 -4.44532325e-03 -1.33095053e-03 -1.56647948e-04  5.28808311e-03
  5.11302985e-03 -4.10045357e-03  1.11358520e-02  7.26150101e-05
  6.04166724e-02  1.39115436e-03 -3.24008032e-03  1.52977661e-03
 -3.06899147e-03  7.78660364e-03  1.96999517e-05  3.45007866e-04
 -8.71000532e-03  8.72234581e-04 -1.23031363e-02  2.57855310e-04
  9.88530926e-04  1.81217457e-03  1.00044394e-03 -5.06311364e-04
 -8.25685798e-04  6.51462143e-03  1.70852290e-04  3.02184140e-03
 -2.74720564e-02  6.84885541e-03 -1.16806780e-03  5.21265203e-03
 -1.96621113e-05 -4.60296217e-03 -6.79390598e-03 -4.06684732e-04
 -4.38228250e-04  5.49671880e-04 -1.49910731e-04  6.89599756e-03
 -1.17386179e-03 -1.02368220e-04  2.83949589e-03  4.33500949e-03
  2.85876129e-04 -6.02519664e-04 -9.95726231e-03  3.24984826e-03
  5.00056893e-03 -2.43015913e-03 -6.83496334e-03 -6.73286989e-03
  2.02416279e-03  1.35401194e-03 -1.24378654e-03 -1.76363322e-03
 -1.15757587e-03 -2.38442654e-03  6.52950141e-04 -1.48072548e-03
 -2.42027934e-04  4.37246030e-03  2.04772595e-03  3.58356716e-04
  1.01625612e-02 -3.78549821e-03  6.68936316e-03 -2.17564800e-03
 -5.01725543e-03 -1.58276307e-04 -3.97003908e-03 -1.57149960e-04
  2.52311141e-03 -9.21657775e-03 -8.71612225e-03  1.26640865e-04
  1.66006444e-04 -2.07848847e-03  1.54961529e-03 -2.32161791e-03
  4.47278115e-04  1.97002431e-03  1.63564011e-02 -1.33075216e-03
  8.53517267e-04  4.35363647e-04 -1.77116785e-02 -1.27299819e-02
 -1.43434503e-03  1.68409906e-02 -2.46198452e-03  4.96326014e-03
  1.31642446e-03  7.86389131e-03  1.55679823e-03 -5.38461516e-03
  7.68236490e-03  6.56706397e-04  2.43314430e-02  1.64876261e-03
  1.21318493e-02  6.89776465e-02 -4.24340228e-03 -8.15573335e-03
  7.37743545e-03 -3.22959560e-04 -1.07034587e-03  2.40647746e-03
 -5.58957318e-03  8.96754791e-04 -2.32430175e-03 -7.77522568e-03
  2.97660357e-04  1.20363168e-01  2.29504876e-05  1.70398830e-03
  2.26971484e-03  1.39639038e-03  6.94473390e-04  1.39053809e-02
  1.13690516e-03 -1.25602959e-03  3.83035094e-03  2.33065948e-04
 -1.47951934e-02 -2.06646603e-03 -1.25071837e-03 -1.49015163e-04
 -3.08836577e-03 -1.19997165e-03  2.97437347e-02  4.17287834e-03
 -3.81526916e-04 -1.24827027e-02  1.90674840e-03  4.74117231e-03
  6.95187307e-04  1.58701529e-04  4.33344441e-03  5.44373831e-03
  2.45471112e-03  2.52552703e-02  4.43793717e-04 -2.57070671e-04
  7.86312949e-03 -4.42591263e-03 -3.85067100e-03 -5.04121464e-03
  4.20661224e-03  1.95468701e-02  5.09892358e-03  1.20701117e-03]
gradient196:[ 3.47958924e-03  1.61510729e-03 -9.28539303e-05 -2.49351113e-04
  3.07750219e-04 -4.97137895e-03 -2.96934694e-03 -5.39321918e-03
  4.61779244e-04 -2.28985399e-03  1.44120110e-02 -7.29193585e-03
  4.77851776e-04 -2.84390171e-05 -1.43260416e-02 -2.34452949e-04
 -2.64221174e-03 -3.74474307e-03  2.99773505e-03  6.97858108e-04
 -3.10511235e-03 -2.40701856e-03  7.19149597e-03 -1.57552082e-02
 -2.03297697e-02  4.36076289e-03 -2.97049352e-04  1.61579028e-02
  1.16821891e-03  1.22147389e-02 -5.94641548e-03 -1.91005729e-02
 -4.57858732e-05 -1.27296224e-02 -4.08018660e-03 -1.64404679e-02
  4.84766933e-05 -1.17625054e-02 -9.18992679e-04  8.16486077e-04
  4.71852254e-03 -9.87209205e-05 -1.85871031e-03 -7.46409222e-03
 -3.40229343e-03  6.24748319e-03 -9.00798594e-04 -3.88886867e-04
  1.58353781e-04  3.37173906e-03 -1.51143260e-02 -1.98797177e-04
  8.36123014e-04  1.76044856e-03  2.46464694e-03 -5.73602691e-03
  6.05693087e-03  2.06332421e-03 -3.09102866e-03  6.55945856e-04
 -8.13917723e-03 -3.56742786e-03  2.15471620e-04 -1.71704125e-03
  1.48068822e-04 -1.74366229e-03 -2.32907734e-03 -5.68402756e-04
 -1.53297232e-03  4.65399760e-04 -8.98243234e-05  1.90961291e-05
 -1.34026702e-03  2.52445205e-03  8.99279770e-03  1.97577756e-03
  1.52245964e-04 -3.12655675e-03  5.76762715e-04 -5.89260249e-04
 -2.15538777e-03  6.15047233e-04 -2.51714885e-03 -7.78544368e-03
 -1.89868081e-03 -8.92236887e-04 -1.23986683e-03 -9.48909204e-03
  8.87645036e-03  1.35572001e-04 -3.91665002e-04 -1.01423368e-03
 -6.48529455e-03 -5.33736357e-03  1.43147248e-03  9.12762713e-04
 -8.29208083e-03 -3.55053198e-04  3.62415332e-03 -1.87297846e-04
 -1.95471989e-03  1.45660352e-03  4.08493821e-03 -1.12621766e-03
 -2.50040554e-04  5.12744664e-05  7.90655322e-05  2.57442729e-03
 -1.78336981e-03  2.37359545e-05 -6.89366087e-03  8.54993050e-05
  1.13244858e-02 -2.42629088e-04  1.50778244e-04  4.26601240e-04
 -2.08115857e-03  1.10261934e-03  1.11763701e-02 -5.69445230e-02
  0.00000000e+00 -1.30347591e-02 -5.27464645e-03 -7.01865414e-04
  2.81265355e-03  1.23784179e-03 -2.76803132e-03  5.39857941e-03
  4.23661107e-03 -1.64339482e-03  1.20672323e-02 -4.45406564e-04
  9.22061205e-02 -6.14398997e-03 -2.34161504e-03  2.82289158e-03
 -1.16885558e-03 -1.08720479e-03 -2.43228441e-03 -3.71955248e-05
  0.00000000e+00  2.91264094e-02 -5.26533462e-04 -4.52318782e-04
  1.31017412e-03  3.30939470e-03 -1.29061483e-03  1.61577819e-03
  5.18557522e-03 -8.27921787e-04  1.45356292e-02  4.40510176e-03
 -1.39749522e-04  9.76183359e-03  3.73917399e-04 -5.22967348e-05
  2.85078445e-03 -7.22613325e-03  1.32144417e-03  6.66798558e-03
 -1.25466031e-04  1.52839068e-03  1.43047620e-03 -4.27005952e-03
 -7.82441068e-03  9.78053664e-04  2.17834162e-03  4.02922230e-03
  6.37043559e-05 -8.42293084e-05  6.61592232e-04  6.27293764e-03
 -2.67515425e-03  2.23966618e-03  1.09162601e-03 -3.58616264e-04
 -6.49347348e-05  1.33273436e-03  7.42064323e-03 -6.75189542e-03
  4.08438093e-04 -1.04790181e-03  3.39876139e-03 -3.63377389e-03
 -3.63857532e-03  9.39449761e-04 -4.82920967e-02 -1.05396723e-02
 -1.69447772e-02  2.05449713e-03  2.57415173e-04  0.00000000e+00
  1.08137529e-03 -1.97623298e-03  9.81840305e-03 -2.68753199e-03
  8.24755640e-04 -2.72312580e-04 -6.31664356e-04  6.78373151e-04
  6.80031441e-03  0.00000000e+00 -7.31466524e-03 -1.29228749e-03
 -3.73643736e-04 -5.32983802e-03 -2.55486229e-03  1.53535150e-03
  5.80875250e-03  6.89660339e-03  6.99970545e-03  5.13073639e-04
 -6.76169817e-04 -1.09582406e-03  8.49480182e-03 -5.63737750e-03
 -1.22802053e-03 -6.72631245e-03  4.29272535e-04 -8.49380973e-04
 -3.70060210e-04  9.30569135e-04  4.67020879e-03  2.07206956e-03
  2.07770802e-03  3.11408238e-03 -3.22815671e-04  1.53591298e-02
 -3.29839322e-03 -9.81072802e-03  2.76061660e-03 -3.72876617e-04
 -4.19342052e-03  8.22916976e-04 -6.18871162e-03 -6.34348718e-04
 -8.09758145e-04 -5.29946666e-03  3.63350788e-04 -3.46358982e-03
 -6.43912423e-03 -6.83754624e-05  1.04326624e-02  6.46563247e-04
 -6.92757167e-05 -6.95029506e-04  1.05120456e-02 -7.66538456e-03
  3.21484287e-03  1.06695872e-02 -1.87781323e-02 -7.22617726e-04
 -6.76520308e-03  7.96020671e-04  2.14054296e-03 -1.03178145e-02
 -5.69208479e-03  2.29051895e-02  4.25443938e-03 -8.00686423e-03
 -2.16614502e-03 -9.91567317e-03  7.77107477e-03  7.68455386e-04
  5.36093675e-03 -9.45141539e-03 -1.97937386e-03 -3.24155227e-03
 -3.03851411e-05 -4.89503611e-03  1.84247387e-03  1.37516612e-03
  3.09597002e-03  1.25123663e-02 -5.73117658e-03  4.59974259e-03
 -8.50597490e-03  4.58568073e-04 -3.65867140e-03  9.39485710e-03
  5.96495986e-04  5.57424908e-04 -3.67965689e-03 -5.27694076e-03
  3.37348145e-04  5.94656100e-04  4.65608144e-04  2.02797609e-03
 -2.34614406e-03  4.03949944e-03 -9.10533709e-04  5.56318089e-04
  4.90520848e-04 -4.18836437e-03  2.23137299e-03 -6.65837142e-05
  7.65691837e-03 -1.67212717e-03  1.70217711e-03  3.81528959e-03
 -2.96867453e-04 -6.79474615e-04 -4.71508969e-03  1.34349463e-03
 -9.34321317e-04 -9.85376537e-04 -1.77163235e-03 -3.49102402e-03
 -1.92222389e-04 -3.33046238e-03  6.19168452e-04  3.97428579e-04
 -1.34630769e-03 -7.75844464e-03 -3.37781676e-04 -1.12828391e-03
  1.19596370e-04 -2.51417281e-04  3.06948146e-04 -6.81766961e-03
 -3.30188219e-03  9.82474303e-05 -1.67439021e-02 -6.05725823e-03
 -8.63704889e-04 -2.64890236e-03  5.82234468e-03  5.57428831e-03
 -2.99686077e-03  2.19355663e-03 -3.04214773e-04  1.00475852e-03
 -1.64261626e-04 -3.08275931e-02 -1.76104280e-04 -4.81685391e-04
  8.11482314e-03 -3.47107591e-04  2.32419115e-03  3.46284127e-04
 -4.22973477e-04 -2.17913548e-04  6.04671193e-04  1.62991900e-02
 -5.88465016e-04 -1.08492409e-03  5.56473061e-03 -4.17906616e-04
 -1.30977621e-03  2.70791817e-03 -5.74682839e-03 -1.97672984e-04
  9.45833526e-05  8.60575936e-04  2.59255583e-04 -4.27712128e-03
  5.09451004e-03  5.65665495e-03  8.47277581e-04  7.84005411e-03
 -2.80434801e-03 -6.82801125e-04 -9.47064778e-04  3.75523674e-03
  4.47906740e-03 -4.21227096e-03  4.87964600e-03  6.94645132e-06
  3.21590006e-02  1.50919287e-03 -9.36239434e-04  4.71580774e-04
 -2.10620416e-03  5.20627387e-03 -6.37148914e-05  3.42484651e-04
 -6.30472554e-03  8.13752180e-04 -9.17997584e-03  2.53965787e-04
  1.09368016e-03  1.21710415e-03  5.41974267e-04 -4.09805391e-04
 -4.52693959e-04  5.94009645e-03  1.43444951e-04  2.37222179e-03
 -1.46918753e-02  6.58450043e-03 -3.99091427e-04  3.67397373e-03
 -1.66785976e-05 -5.44615230e-03 -3.40469438e-03 -3.76358395e-04
 -9.25827262e-05  6.06052927e-04  7.27669321e-05  7.53785775e-04
 -7.42423174e-04  1.62213706e-04  2.59782374e-03  2.93631200e-03
  3.80024721e-04 -3.11819138e-04 -8.91318172e-03  1.58531347e-03
  3.51039111e-03 -1.49089680e-03 -7.04612816e-03 -5.37683396e-03
  1.50044973e-03  8.71655764e-04 -1.00016431e-03 -1.47347059e-03
 -8.78339692e-04 -1.58311462e-03  3.89316992e-04 -1.13508163e-03
 -3.61916318e-05  2.90094712e-03  1.28727243e-03  3.40102910e-04
  5.01859793e-03 -3.38425674e-03  2.40339781e-03 -1.05523184e-04
 -2.44459161e-03 -1.13167895e-04 -2.61523481e-03 -2.43523216e-04
  2.12613586e-03 -3.00060771e-03 -8.69827997e-03 -1.68440689e-04
  1.36484363e-04 -2.17751181e-03  1.09753315e-03 -4.82129306e-03
  1.96170586e-05  1.76992139e-03  8.61551147e-03 -1.16442796e-03
  5.83973131e-04  6.69399451e-05 -1.50101827e-02 -1.20903943e-02
 -2.08570715e-03  1.01736467e-02 -1.50049711e-03  2.61608139e-03
  8.63006222e-04  7.62033323e-03  1.49483234e-03 -2.43471656e-03
  9.80445184e-03  4.70844534e-04  1.23929419e-02  1.05669035e-03
  8.92766006e-03  2.43953802e-02 -3.23469611e-03 -5.02668833e-03
  4.79177665e-03  2.99116131e-04 -9.53237817e-04  2.93220836e-03
 -4.58469288e-03  1.19426625e-03 -1.94367033e-03 -3.20149912e-03
  1.84928882e-04  4.24316302e-02  2.99025778e-05  1.08059822e-03
  1.59580901e-03  1.13157684e-03  9.25460772e-04  5.49358455e-03
  9.16772056e-04 -5.93047531e-04  3.50808026e-03  2.59903318e-04
  3.13366689e-02 -1.74996257e-03 -1.02923729e-03 -1.25971477e-04
 -2.62873340e-03  1.44888391e-03  1.77319981e-02  2.64095026e-03
 -3.40215571e-04 -7.32443994e-03  1.51022524e-03  4.92029265e-03
  3.76944838e-04  1.66718964e-04  2.82033533e-03  5.86587982e-03
  2.58101872e-03  1.70708131e-02  2.83252040e-04 -7.55355810e-04
  7.38564041e-03 -2.78267544e-03 -2.44697998e-03 -3.56203760e-03
  4.85801650e-03  1.63939744e-02  4.05466976e-03  7.50909385e-04]
gradient197:[[[[ 6.41166116e-05  8.20317655e-05  2.14611646e-04 ... -1.65861973e-03
    -3.51235759e-03 -2.24451302e-04]
   [ 0.00000000e+00  0.00000000e+00 -4.21902776e-04 ... -1.36002630e-03
    -4.06011037e-04  1.83361466e-04]
   [ 4.88017977e-05  0.00000000e+00  0.00000000e+00 ...  0.00000000e+00
     1.19992765e-04  0.00000000e+00]
   ...
   [-2.62819667e-05  6.69025991e-04  3.88590968e-04 ... -1.57768112e-02
    -8.05357471e-03 -5.37954147e-05]
   [-9.88156535e-05  0.00000000e+00 -1.76722358e-04 ...  2.06387718e-04
     1.99037604e-05 -8.93153265e-05]
   [ 2.46983429e-04  5.59096407e-07  0.00000000e+00 ...  2.64464092e-04
    -6.41014412e-06  4.18433519e-05]]]]
gradient198:[ 0.00279651 -0.00061538  0.00398907 ... -0.02115633 -0.04466991
 -0.00729017]
gradient199:[ 0.00013714 -0.00010785  0.00020327 ...  0.00125315 -0.00537122
 -0.00075168]
gradient200:[ 1.7135884e-04 -3.9303475e-05  2.6925065e-04 ... -1.4072177e-03
 -3.2440166e-03 -5.1623426e-04]
gradient201:[[[[ 0.00000000e+00 -2.34746738e-04  8.41125322e-04 ...  2.08206428e-03
    -7.61789677e-04  3.77660908e-04]
   [ 1.16964642e-04  7.51615225e-05 -2.60604837e-04 ...  2.98211617e-05
    -4.29258100e-04  3.69958347e-04]
   [ 1.40411512e-03  3.12499906e-04  2.24344805e-03 ...  6.82773953e-03
    -8.64282425e-04  2.77415314e-03]
   ...
   [ 1.11008296e-03  8.46556388e-04  1.94143900e-03 ...  2.90325284e-03
     8.46048410e-04  1.94592890e-03]
   [ 1.17860595e-02  5.80976671e-03  1.28810052e-02 ...  1.11436872e-02
     3.39772389e-03  9.24602710e-03]
   [-4.69218270e-04 -1.28363911e-03 -8.07279721e-04 ...  1.19299581e-03
    -2.27019214e-03 -5.44000126e-04]]]]
gradient202:[ 5.09948377e-03  2.60345452e-03  4.60801786e-03  1.62749807e-03
 -7.48008117e-03 -6.79197430e-04 -4.00682620e-05 -2.29818188e-03
 -1.65666279e-06  4.88580263e-04  2.83540599e-03  1.58411625e-03
 -1.18312746e-05 -1.07656082e-03 -1.44901278e-03 -5.96740376e-03
 -2.76023685e-03  1.42478151e-03  8.88191629e-03 -3.72675539e-04
 -6.60274294e-04 -2.34030210e-03  1.99985201e-03  1.49820885e-03
 -3.77073721e-03  3.35426000e-03  2.25520693e-03 -2.28022854e-03
  6.48925488e-05 -4.95202094e-03  2.87229125e-03 -5.13261883e-03
 -4.15772898e-03  8.70580785e-03 -5.40328183e-05  1.60148111e-03
 -2.08064448e-03 -1.21690158e-03  2.23398907e-03 -6.25599409e-04
  4.25113877e-03  9.36005544e-03 -3.66802211e-03 -5.02882467e-05
 -1.27220468e-03  1.40385900e-03 -7.68531626e-03 -1.39410244e-02
  2.63676257e-03  2.89530004e-03 -6.07074052e-03  7.25691149e-04
  7.49505544e-03  9.04152839e-05 -4.26466670e-03  1.11022303e-02
  3.75527015e-04  2.59545539e-03 -1.70157745e-03  2.18074594e-04
 -7.86404870e-03  2.70536589e-03 -2.00458127e-03  7.66873499e-03
 -6.22127671e-03  2.96746776e-03  7.71182415e-04  5.87634882e-03
 -1.98468729e-03 -1.13832597e-02 -2.43487419e-03 -1.20546902e-04
  4.66062455e-04 -8.78021028e-03 -1.40167878e-03  6.68041292e-04
  7.47647136e-04  2.28801044e-03 -4.84750955e-04  3.26337642e-03
  1.06776820e-03 -2.72019114e-03 -7.69304484e-03  1.25209481e-04
 -1.15154102e-03  6.65024272e-04  2.92085763e-03  1.04910284e-02
 -7.45459911e-05 -3.59777710e-03  4.70555527e-03  1.63364538e-03
 -1.32552069e-02  4.84138634e-03 -1.75499939e-04 -3.85597930e-03
 -1.92973949e-03  3.92416492e-03 -1.03124864e-02 -7.61629999e-05
  8.40246491e-03  5.71471173e-04  4.15083859e-03  4.25064843e-03
 -2.33970745e-03  4.39997064e-03  1.61077915e-04 -3.48797580e-03
 -5.75647136e-05  2.77511100e-03  5.32335229e-03  4.69020102e-04
  1.80615334e-05 -1.17862492e-03  2.29105912e-03 -4.70939372e-03
  1.80845021e-03  2.14665034e-03  3.13343131e-03 -2.10628891e-03
 -3.34187585e-04 -8.04833602e-04  2.49480159e-04  4.09750675e-04
 -6.17429800e-03  7.12973997e-04 -1.62695197e-03 -2.00391887e-03
 -1.16180570e-03  6.38684956e-04  6.39652135e-03 -3.18782544e-03
  1.25928805e-03 -8.35925713e-03 -1.33436918e-03 -3.82713624e-03
 -3.82572616e-04 -7.69304484e-03 -1.67198514e-03 -6.69375993e-04
  4.68832295e-05 -1.05251535e-03  1.87239982e-03 -6.18492631e-05
 -4.04874067e-04  4.12781897e-04  2.78915191e-04 -7.09355983e-04
  1.76643918e-03  2.98133167e-03 -1.90308075e-02  1.02714330e-04
  2.45048944e-03  4.04753443e-03 -1.51260977e-03 -4.16928483e-03
  1.91449455e-03 -4.84664878e-03  8.63532163e-03  7.31500424e-03
  3.53453122e-03  8.20500217e-03 -5.79302944e-03 -2.50162184e-03
 -1.20134314e-03 -3.77823832e-03 -1.29440730e-03 -2.83022737e-03
  6.09653711e-04  1.80771807e-04  2.83417036e-03  3.60359508e-03
  3.72453802e-03 -6.22661377e-04 -1.58386159e-04  1.18500029e-03
  3.46273836e-03  6.68280234e-04 -7.63343461e-03 -3.88327288e-04
 -2.90939410e-04 -1.22843846e-03  6.08514948e-03  1.02459760e-02
  5.29856840e-03  1.35895493e-03 -1.30012073e-03  2.49962322e-04
 -3.03058745e-03 -1.05579186e-03 -1.01376709e-03 -2.06502809e-04
 -4.04195744e-04 -1.11436273e-03 -3.47411173e-04  2.50397105e-04
 -5.45132346e-03 -7.38997431e-03  1.20721711e-03 -1.29354332e-04
 -2.55214894e-04  1.91814371e-03  1.06101262e-03  0.00000000e+00
  7.03333272e-03 -2.72503064e-04  2.78418697e-03 -4.96986974e-03
 -2.03385367e-03  2.73332465e-03  5.53389313e-03 -1.44402584e-05
 -4.92787280e-04 -1.14626670e-03 -1.92092790e-03  2.44473107e-04
  1.01102097e-03 -3.80338868e-03  3.36022960e-04 -1.07614056e-03
 -2.61696230e-04 -2.85155373e-03  3.16095451e-04  3.97909712e-03
  3.42668151e-03 -1.28380244e-03  1.20553328e-03 -4.32495680e-03
 -2.83012376e-03 -1.13646162e-03 -3.22609418e-03 -1.81061716e-03
  4.83561773e-04  4.85258759e-04  3.42673389e-04 -2.96191219e-03
 -1.43643776e-02  3.68807418e-03  7.76026351e-03 -1.30702660e-03
 -3.91926762e-04  7.15237111e-03  2.16252357e-03 -8.33468791e-03
 -2.25475477e-03  2.90447846e-04  1.76504906e-03  1.31202592e-02
  4.58105933e-05 -4.06460790e-03  1.29274325e-04 -4.17767372e-03
  2.58510572e-05 -3.41539504e-03 -1.35203206e-03  2.89354473e-03
  8.20098817e-03 -7.85801280e-03 -2.08948186e-04 -3.50314914e-03
 -2.96537066e-03  1.03820080e-03 -7.51576619e-03  3.79145291e-04
 -4.75803716e-03  3.72524210e-03  3.10752977e-04  1.35287328e-03
  1.47158466e-02 -2.70023267e-03  4.71755676e-03 -3.67641333e-05
 -8.97566846e-04 -2.49052973e-04 -1.76216895e-03  7.19495397e-03
  1.95415504e-03  3.84785770e-03 -1.38685910e-03 -2.31849565e-03
 -1.21736070e-04  2.33962922e-03 -5.05520031e-03 -1.34222698e-03
  4.07102110e-04  5.06653625e-04 -3.33844754e-03 -1.34217250e-03
  1.22128078e-03  3.51278395e-05 -2.85679940e-03  2.35078894e-02
  5.20084926e-04 -7.16304500e-03 -7.48617202e-03  5.71123371e-03
  2.55899597e-03  8.13148858e-04 -3.18078627e-03 -8.91429558e-03
 -2.47576879e-03 -7.90787279e-04 -3.36172561e-05  1.06751325e-03
 -1.35561917e-03  4.96901711e-03 -4.27348772e-03 -1.41826738e-03
  5.05349133e-04 -7.79876253e-04  4.88615176e-03  2.16335338e-03
 -3.70787428e-04  6.15275046e-03  1.12532405e-03  4.62220842e-03
  2.14970810e-03  1.01376406e-03 -4.49829176e-03 -6.37526112e-03
  1.98714063e-03 -2.92996818e-04  6.53379597e-04 -1.23425829e-03
  2.95008183e-04 -2.58360780e-03  1.83861441e-04  1.06969068e-03
  1.67800975e-03  2.18292954e-03  1.87370722e-04  6.56980847e-04
 -8.29837227e-04 -1.05663287e-02  1.41837087e-03  2.97222240e-03
  3.00650299e-03  3.67473229e-04 -2.13027559e-03 -3.73417437e-02
 -2.06617406e-05  1.49860082e-03  4.53946879e-03 -8.97827384e-04
 -2.08427617e-03  3.68500943e-03 -2.75196414e-03 -2.68587202e-04
  5.39009925e-03 -1.86314093e-04 -4.87221696e-04  3.55489226e-03
  3.20554595e-04  6.24290260e-04 -1.22986932e-03 -3.03615956e-03
  9.20185994e-04 -1.45995221e-03 -2.30683992e-03  1.45277148e-03
 -7.99594636e-06 -8.67674011e-04  1.34544435e-03  5.34770731e-03
  7.55754579e-03 -1.00145852e-02  1.85917830e-03 -8.19218694e-04
 -1.13747315e-03  1.87736659e-05 -3.86723760e-03 -5.41162025e-03
 -5.82362339e-03 -7.74278597e-05  6.57863729e-03  6.01187174e-04
  7.48579856e-03 -7.03354785e-03  6.76883012e-03 -2.92070722e-03
 -2.01961175e-02  1.98598839e-02  3.35354079e-03  1.18948321e-03
  9.75924951e-04 -4.17875359e-04 -2.33038887e-03  7.98618328e-03
  4.05703671e-03  6.88628759e-04  1.11777065e-02 -6.36161654e-04
 -1.65627827e-03  1.93298992e-03  7.90184597e-04 -1.52181205e-03
 -1.16747571e-03  4.13465314e-03 -1.11296168e-03  3.54741322e-04
 -4.82074637e-03  5.93933837e-05 -1.11579616e-03  4.57078638e-03
 -1.60242699e-03 -1.61341007e-03 -1.23484340e-03  6.85094274e-04
  5.63675421e-04 -1.91279605e-03  5.13941050e-03  3.09515372e-03
  5.79392863e-03  6.67283894e-04  2.21820804e-03 -7.83244148e-04
 -1.36136776e-04 -6.31275866e-03 -1.49785355e-03  4.37410735e-03
  1.16831623e-03 -2.69456912e-04 -6.80191442e-04  1.54783123e-03
 -5.08640194e-03  2.11740122e-03  8.53237323e-03 -5.50119985e-05
  1.53879973e-03 -3.39721283e-03 -2.79076793e-03  2.60464847e-03
 -1.52099901e-03  5.90384891e-03  4.07920079e-03  2.24975916e-03
  2.51736143e-03 -4.74811345e-03 -1.54435766e-04  8.46131705e-03
 -3.72425979e-03  4.80741030e-03  2.21694447e-03  5.25812618e-04
  3.58657475e-04  1.87613966e-03 -4.32665198e-04 -9.64665506e-03
  1.52549462e-03 -2.01897994e-02 -1.10631259e-02 -2.43558805e-03
  2.13975809e-03  3.66682885e-03 -4.33293357e-03 -5.54510334e-05
  2.69119832e-04  1.11720506e-02 -8.11947917e-04  1.69038062e-03
  7.03223690e-04 -1.01244152e-02 -1.32209249e-03 -2.38691852e-03
  2.03864323e-03  7.11273169e-04  1.75709417e-03 -4.06740408e-04
 -2.87310453e-03 -4.41025989e-03 -6.88080816e-03  8.91116681e-04
  1.04394080e-02 -7.75808439e-05 -2.39088768e-04  4.38696612e-03
 -5.25188912e-03 -5.21463575e-04  4.28080879e-04 -4.56395047e-03
 -1.62243276e-04 -6.13754569e-03  1.03306407e-02  1.14414157e-04
 -1.32783432e-03 -1.55853428e-04 -1.17537880e-03  6.99358108e-03
  2.95661064e-03  2.73291778e-04  2.79487739e-03  7.50972750e-03
 -1.11909937e-02  2.00093770e-03 -2.50598416e-03 -3.17201630e-04
  1.95036246e-03 -1.75641209e-03  4.69405903e-03  1.67912571e-03
  4.30714292e-03 -2.56011356e-03  1.73025834e-03  2.89865932e-03
  7.14001595e-04  6.24051783e-03  9.64167807e-03  9.00923368e-03
  1.17250216e-04  4.63370653e-03  5.54771221e-04  3.72783537e-03]
gradient203:[ 1.31065929e-02  1.60191953e-02  1.85636282e-02  6.21877285e-03
 -4.08145599e-02 -1.07751107e-02 -1.26497049e-04 -5.70605462e-03
 -6.94912998e-03  1.22811960e-03  1.01648569e-02  3.88934230e-03
 -3.88767396e-04 -5.25519997e-03 -3.65813216e-03 -1.96657795e-02
 -9.04217269e-03  3.60077247e-03  4.06527296e-02 -7.60451250e-04
 -1.26470104e-02 -9.82274488e-03  7.64395017e-03  7.71691091e-03
 -9.85246990e-03  1.13310097e-02  8.00832640e-03 -9.25764162e-03
  7.85927405e-04 -2.11957507e-02  5.88588417e-03 -2.33153589e-02
 -2.32061800e-02  2.85840016e-02  3.49152205e-03  4.46463143e-03
 -4.27303882e-03 -2.74141482e-03  1.23528410e-02 -1.58849894e-03
  1.45434691e-02  2.86371708e-02 -1.25982435e-02 -2.42515860e-04
 -3.23627144e-03  5.02943899e-03 -4.06348035e-02 -5.73329180e-02
  7.76822632e-03  6.76202774e-03 -2.48344503e-02  1.82148337e-03
 -6.85176067e-03  7.17734452e-04 -7.23155914e-03  5.02555817e-02
  9.42127837e-04  7.82657135e-03 -4.86591598e-03  5.79871295e-04
 -8.58039558e-02  7.73630664e-03 -8.31671432e-03  2.24942677e-02
 -2.73118019e-02  1.60923433e-02  1.78625155e-03  2.92173866e-02
 -2.66671996e-03 -7.67717808e-02 -9.17443819e-03 -1.27038016e-04
  1.11543550e-03 -3.24610062e-02 -5.82090113e-03  8.12270737e-04
 -8.96031130e-03  8.71546939e-03 -2.04304722e-03  1.12800142e-02
  9.64705180e-03 -8.90262891e-03 -3.36189233e-02  1.52181240e-03
 -5.48214978e-03  1.08474994e-03  7.60632800e-03  4.37798500e-02
 -1.53450164e-04 -1.12725571e-02  2.65697241e-02  4.11143247e-03
 -6.63018301e-02  1.55557496e-02 -3.62040388e-04 -1.55588500e-02
 -7.11071398e-03  1.35650216e-02 -5.92797026e-02 -2.36415374e-03
  3.08553502e-02  1.16866780e-03  1.19197667e-02 -1.94091687e-03
 -9.10087582e-03  1.63645446e-02  3.20390274e-04 -1.20265214e-02
 -4.57190938e-04  1.15904678e-02  1.75507497e-02 -1.31978048e-03
  3.61043640e-05 -3.25871026e-03  8.22957139e-03 -2.63624545e-02
  9.65747051e-03  6.70951139e-03  9.56055522e-03 -5.45188179e-03
 -1.04324974e-03 -1.58650079e-03  5.92277735e-04  2.27030693e-03
 -2.37371810e-02  3.00435955e-03 -3.44940042e-03 -7.35904137e-03
 -5.77612640e-03  2.47001299e-03  2.30961721e-02 -1.07185580e-02
  3.45425052e-03 -5.01371250e-02 -3.74811748e-03 -1.33958971e-02
 -1.11048284e-03 -3.36954892e-02 -6.25801878e-03 -8.54932237e-04
  2.43277493e-04 -3.12066381e-03  6.21378422e-03  5.60480803e-05
 -7.15253584e-04  1.90954993e-03  4.71183244e-04 -2.05050898e-03
  6.50768168e-03  6.16728561e-03 -7.59575889e-02  8.55532009e-04
  9.82088875e-03  1.08882040e-02 -1.89119633e-02 -2.03918517e-02
  3.79758840e-03 -1.70546584e-02  3.06306854e-02  4.17510793e-02
  3.06670577e-03  1.95976496e-02 -2.12522317e-02 -1.14053050e-02
 -5.70624974e-03 -9.97712929e-03 -6.61275536e-03 -1.02836620e-02
  2.25918414e-03 -2.10645911e-03  8.02125968e-03  1.16072865e-02
  1.58256125e-02 -1.52929698e-03 -3.25107598e-04  3.24603007e-03
  6.86233351e-03  2.68522254e-03 -3.98008376e-02 -1.18129340e-03
 -7.41091557e-03 -1.82262436e-02  1.90058425e-02  1.76738407e-02
  1.76777691e-02  3.38133518e-03 -2.30789045e-03  2.43270979e-03
 -1.39567079e-02 -2.01616902e-03 -2.40161289e-02 -2.69318838e-03
 -7.99013476e-04 -2.71073985e-03 -7.54839333e-04  4.23284509e-04
 -3.07252426e-02 -7.08024725e-02  2.36727437e-03 -3.83887120e-04
 -4.41261691e-05  4.96289274e-03  2.85469391e-03  0.00000000e+00
  2.13740319e-02 -7.23704929e-04  8.55252147e-03 -2.06600241e-02
 -7.13797286e-03  2.95008556e-03  2.05864646e-02 -5.75904618e-04
 -5.81434695e-03 -3.63915064e-03 -4.19079093e-03  2.68328004e-03
  2.53894716e-03 -1.42275188e-02  6.50031085e-04 -3.17148189e-03
 -7.30715285e-04 -2.38597183e-03  5.63376176e-04  1.94978975e-02
  8.62824917e-03 -4.36615385e-03  3.87953781e-03 -1.13343839e-02
 -5.56704076e-03 -2.51175696e-03 -6.31567184e-03 -5.20801824e-03
  7.88982259e-04 -2.65064475e-04 -7.46540027e-03 -9.74330120e-03
 -1.02665901e-01  8.40480812e-03  2.59677954e-02 -9.74475499e-03
 -4.55236150e-04  1.86357982e-02  6.14263397e-03 -3.12967785e-02
 -7.82685168e-03  1.01232051e-03  6.33862289e-03  5.66804968e-02
  2.54899554e-04 -2.62510758e-02  5.99727558e-04 -1.14686219e-02
 -1.87352962e-05 -1.63083114e-02 -4.11469536e-03  7.58728478e-03
  2.23078225e-02 -2.70401444e-02 -3.76325275e-04 -1.81432553e-02
 -7.84059428e-03  2.49525788e-03 -1.91006362e-02  8.54819489e-04
 -1.49613237e-02  1.22650331e-02  1.20568753e-03  3.81432893e-03
  6.13955148e-02 -1.88921043e-03  1.48476670e-02 -1.83495518e-03
 -9.85902455e-03 -1.75666332e-03 -5.44102537e-03  2.21883077e-02
  8.11700430e-03  1.21512953e-02 -4.95055784e-03 -1.00652073e-02
  1.80418647e-04  7.06866430e-03 -2.06670593e-02 -2.69017345e-03
  1.03092473e-03  4.37478768e-03 -2.97977612e-03 -5.83425630e-03
  1.12273800e-03  3.53740063e-04 -8.46940279e-03  1.08669385e-01
  5.17839706e-03 -3.93221118e-02 -3.77601422e-02  1.88596211e-02
  8.22308566e-03  1.63043349e-03 -1.56184733e-02 -3.63274589e-02
  1.34169066e-03 -2.52621155e-03  1.27127656e-04  2.92537222e-03
 -4.42894083e-03  1.65601540e-02 -1.32792778e-02 -4.27503139e-03
  1.04905199e-03 -1.50017976e-03  2.66981348e-02  9.37045645e-03
  2.16302826e-04  3.50060314e-02  3.81824421e-03  2.78301351e-02
  3.90350795e-03  4.64848615e-03 -2.17304491e-02 -1.82610527e-02
  1.01087382e-02 -9.96912830e-04  3.94775812e-03 -2.85478891e-03
  1.20422209e-03 -1.04211783e-02  1.44097663e-04  4.22460539e-03
  4.54462040e-03  8.71985499e-03 -1.17661874e-03  3.58019071e-03
 -2.88267923e-03 -3.84549797e-02  6.63513597e-03  9.29025747e-03
  7.78058544e-03  7.65361125e-04 -7.81601015e-03 -2.22276077e-01
  5.98105427e-04  7.63234403e-03  9.60417278e-03 -8.99081863e-03
 -5.07780397e-03  9.13224090e-03 -1.01976292e-02 -3.88155086e-03
 -2.27101333e-03 -2.66748248e-04 -1.49485865e-03  1.39960833e-02
  5.77697763e-04  9.37243603e-05 -2.88309855e-03 -1.35796852e-02
  2.59656622e-03 -6.84864586e-03 -6.83596171e-03  3.61893233e-03
  1.55700953e-04 -5.14371833e-03  3.29355733e-03  1.81229133e-02
  2.33754609e-02 -4.35032286e-02  5.58947120e-03 -4.46401257e-03
 -3.51676298e-03  1.27974781e-04 -8.04707222e-03 -2.01046579e-02
 -2.90258545e-02 -2.46399781e-04  2.07079500e-02  1.68910064e-03
  3.58392298e-02 -2.77392101e-02  2.63544489e-02 -6.03469228e-03
 -1.00105174e-01  7.46195763e-02  1.06208501e-02  3.05126887e-03
  2.98272120e-03 -4.93048807e-04 -7.68768461e-03  2.13480797e-02
  1.85491461e-02  2.58869980e-03  3.84316444e-02 -1.81825703e-03
 -1.04065957e-02  4.50246967e-03  1.42270105e-03 -8.05284735e-03
 -2.43534497e-03  1.49098290e-02 -3.50730959e-03 -3.02707107e-04
 -2.44515222e-02  2.37037078e-04 -2.71576643e-03  1.36473365e-02
 -5.89801650e-03 -1.39387846e-02 -8.49456713e-03  8.58375430e-03
  1.41904794e-03 -5.59364259e-03  1.37966294e-02  6.87604072e-03
  3.03566605e-02  2.47301953e-03  3.68153723e-03 -1.98374433e-03
  7.34904606e-04 -1.59299523e-02 -4.43627546e-03  1.35800010e-02
  6.42064773e-03 -2.46633519e-03 -2.24572257e-03  2.93755997e-03
 -1.43524641e-02  6.19568676e-03  3.53291035e-02 -1.12307484e-04
  4.71808063e-03 -1.32188126e-02 -6.43131277e-03  6.83832495e-03
 -6.23539928e-03  2.33746450e-02  1.67299081e-02  7.51755200e-03
  7.97538087e-03 -1.83537658e-02  3.42412473e-04  2.79053003e-02
 -1.04098823e-02  1.66511759e-02  7.59329647e-03  4.43921192e-03
  1.59661181e-03  8.12581927e-03 -3.83645319e-03 -4.47572879e-02
  4.57628677e-03 -8.97882208e-02 -5.21196239e-02 -5.67591423e-03
  4.18863446e-03  1.11154150e-02 -4.34002429e-02  1.17535317e-04
  1.22890843e-03  4.35676761e-02 -1.72367052e-03  8.53786245e-03
  2.14678654e-03 -3.75615023e-02 -3.74375517e-03 -1.34663908e-02
  5.45642106e-03  1.12430751e-03  2.69512879e-03  1.76373316e-04
 -6.60984684e-03 -1.25815496e-02 -2.84162406e-02  2.35917349e-03
  3.51775102e-02  5.63606387e-03 -3.80320096e-04  1.49262566e-02
 -2.24936884e-02 -3.28004686e-03 -1.18269888e-03 -1.94246527e-02
 -5.04743308e-04 -1.70632917e-02  3.20491418e-02 -1.70529028e-03
 -4.12247330e-03  1.04877879e-04 -1.00463126e-02  2.70806961e-02
  9.96534899e-03  6.49805530e-04  1.02375587e-02  2.52959076e-02
 -3.13295536e-02  7.43659912e-03 -6.10276358e-03 -6.69817149e-04
  5.45943249e-03 -9.29387379e-03  1.31360330e-02  5.46555873e-03
  9.72031523e-03 -6.48652390e-03  3.86166852e-03  8.04486033e-03
  8.36102932e-04  1.80171970e-02  4.35286313e-02  2.96228416e-02
  3.84050625e-04  1.29369507e-02  1.69300498e-03  9.39275790e-03]
gradient204:[ 1.06687136e-02  4.92833601e-03  1.03684943e-02  3.40970629e-03
 -1.45594757e-02 -2.79727299e-03 -6.62467282e-05 -4.63753240e-03
 -4.81202733e-06  9.74110502e-04  5.92279341e-03  2.72700447e-03
 -2.53379403e-05 -1.55333232e-03 -2.47966428e-03 -9.01849940e-03
 -4.54455195e-03  2.00910354e-03  1.55883944e-02 -7.99324829e-04
 -2.70162313e-03 -3.71539872e-03  3.11376876e-03  3.77135864e-03
 -6.38747914e-03  5.88062732e-03  3.47558735e-03 -4.11666511e-03
  1.12438807e-04 -1.28359105e-02  5.09101059e-03 -7.55341211e-03
 -8.56420584e-03  1.41147664e-02 -1.00468293e-04  3.90156126e-03
 -5.92525117e-03 -2.61743926e-03  4.43466380e-03 -1.18811289e-03
  9.31453705e-03  2.40182243e-02 -8.96818284e-03 -7.22984259e-05
 -1.88020815e-03  2.28106510e-03 -1.62535086e-02 -2.65963394e-02
  3.74390231e-03  6.92956988e-03 -9.66706779e-03  1.58253289e-03
  5.96616380e-02  1.90096500e-04 -9.74179525e-03  1.97030716e-02
  5.64063550e-04  5.42924507e-03 -3.28610837e-03  3.46050307e-04
 -2.11492982e-02  5.23278164e-03 -4.02731914e-03  1.10875992e-02
 -1.11327404e-02  5.04741725e-03  1.24847237e-03  1.33086462e-02
 -3.80617287e-03 -4.31402959e-02 -4.14860016e-03 -1.87292026e-04
  7.61404517e-04 -1.57323238e-02 -2.21694121e-03  1.10032025e-03
  1.60321977e-03  3.90691916e-03 -9.25609609e-04  6.27472857e-03
  1.91929145e-03 -4.26504575e-03 -1.55084338e-02  2.03431671e-04
 -2.15129112e-03  1.22254121e-03  5.16956160e-03  1.86162032e-02
 -1.08905340e-04 -7.26360548e-03  9.40218754e-03  2.98353191e-03
 -2.12255269e-02  8.35522544e-03 -2.71345663e-04 -7.18084071e-03
 -3.05149448e-03  8.12318549e-03 -1.68302208e-02 -1.39249489e-04
  1.65446922e-02  8.80832435e-04  7.89895467e-03  1.89371742e-02
 -3.89781711e-03  8.98763072e-03  2.44963623e-04 -5.25010796e-03
 -1.00588863e-04  5.18026436e-03  9.50500183e-03  8.31490324e-04
  2.98838022e-05 -1.73893757e-03  4.37083980e-03 -1.02051320e-02
  2.81243352e-03  3.59239569e-03  7.57681206e-03 -3.64730344e-03
 -7.08850974e-04 -1.46026735e-03  4.92049381e-04  6.36171491e-04
 -1.28142964e-02  1.19419442e-03 -3.15085938e-03 -3.19545297e-03
 -2.44572060e-03  1.14712631e-03  1.46780098e-02 -6.18145103e-03
  2.35566497e-03 -1.45585481e-02 -1.86343538e-03 -7.76596228e-03
 -6.39142469e-04 -2.19555609e-02 -3.54380161e-03 -1.59595977e-03
  8.99770966e-05 -1.73895119e-03  2.88157212e-03 -1.23549515e-04
 -6.59089128e-04  9.83675709e-04  5.80139924e-04 -1.09587295e-03
  3.29345372e-03  5.51286386e-03 -4.06775028e-02  1.57450151e-04
  4.08801157e-03  6.45746198e-03 -3.88139579e-03 -7.78715778e-03
  3.92753631e-03 -8.29129759e-03  1.45340655e-02  1.36004435e-02
  5.49976062e-03  1.74899772e-02 -8.73493496e-03 -4.07873932e-03
 -1.98979815e-03 -5.96941356e-03 -2.07046978e-03 -4.53147199e-03
  1.19822565e-03  3.28491675e-04  5.37738018e-03  5.19737182e-03
  6.11357670e-03 -9.20244434e-04 -2.36442138e-04  2.16694968e-03
  7.38369208e-03  2.05580099e-03 -1.42419748e-02 -6.09886833e-04
 -4.82192991e-04 -2.10300344e-03  1.26122683e-02  3.78056541e-02
  8.77242908e-03  2.64695310e-03 -2.73640058e-03  5.48308832e-04
 -6.16263459e-03 -2.01386237e-03 -1.96620054e-03 -4.74689412e-04
 -7.29030755e-04 -2.25942535e-03 -6.14655088e-04  4.93017666e-04
 -8.03554151e-03 -1.32470336e-02  2.35945685e-03 -2.60680652e-04
 -4.95373504e-04  3.47113027e-03  2.68812734e-03  0.00000000e+00
  1.66752636e-02 -5.55182982e-04  4.53836564e-03 -7.95897935e-03
 -4.98032011e-03  1.05961571e-02  1.05462410e-02 -2.97187944e-05
 -9.79684643e-04 -2.06946023e-03 -3.58320330e-03  5.53776277e-04
  2.02665199e-03 -1.03125880e-02  5.84503869e-04 -1.55740790e-03
 -4.80986550e-04 -5.39229158e-03  6.08089555e-04  6.48989528e-03
  7.23559782e-03 -2.15667300e-03  2.30967579e-03 -6.89309044e-03
 -4.00897069e-03 -1.63342094e-03 -7.33665703e-03 -3.38870240e-03
  8.78121296e-04  9.14059812e-04  5.80506399e-04 -5.18872822e-03
 -1.28987864e-01  6.70379354e-03  1.47158131e-02 -2.52532843e-03
 -6.78074488e-04  1.29330885e-02  4.28508408e-03 -1.30123226e-02
 -4.05959878e-03  5.01852599e-04  3.32818064e-03  3.24212126e-02
  8.75486003e-05 -9.99374595e-03  2.13045802e-04 -8.07399768e-03
  4.77572612e-05 -4.72613052e-03 -2.78269150e-03  4.62960498e-03
  1.35634765e-02 -1.27454204e-02 -3.75820091e-04 -5.74098621e-03
 -6.04896061e-03  1.53985014e-03 -1.04790376e-02  6.72298076e-04
 -1.08135557e-02  7.46186404e-03  7.01138284e-04  3.00746155e-03
  2.54926700e-02 -6.35457458e-03  9.91493091e-03 -6.35960751e-05
 -1.65091339e-03 -4.78177855e-04 -2.74197990e-03  1.22867310e-02
  3.35796108e-03  7.47208809e-03 -2.24973168e-03 -5.46324719e-03
 -1.99712114e-04  5.48230298e-03 -9.04762652e-03 -3.38345603e-03
  6.86853076e-04  1.08662935e-03 -6.61087176e-03 -2.87429732e-03
  2.20208429e-03  7.25141726e-05 -4.83971462e-03  4.39630859e-02
  1.08574808e-03 -1.56693310e-02 -1.80080198e-02  9.26334411e-03
  4.64703143e-03  1.42966560e-03 -6.65413449e-03 -1.55148292e-02
 -4.49049100e-03 -1.44743291e-03 -5.12884217e-05  1.99469994e-03
 -2.37217755e-03  7.23865908e-03 -8.96843616e-03 -2.33454211e-03
  7.72242085e-04 -1.24060153e-03  9.56251752e-03  3.98561824e-03
 -6.92998408e-04  1.29644666e-02  2.15416797e-03  9.76131856e-03
  4.61214734e-03  1.86180160e-03 -8.26549064e-03 -1.45608122e-02
  3.85694066e-03 -6.63349114e-04  1.30840484e-03 -2.03299848e-03
  4.41080803e-04 -5.48063125e-03  3.37677950e-04  1.77154248e-03
  3.45621118e-03  3.64359259e-03  4.06822102e-04  1.23965892e-03
 -1.73028419e-03 -2.27938127e-02  3.16824671e-03  4.80715092e-03
  4.77761263e-03  6.89221895e-04 -3.13555729e-03 -7.58798718e-02
 -4.04617749e-05  2.60972232e-03  6.28960878e-03 -2.10454827e-03
 -3.03164031e-03  7.38029275e-03 -4.26658988e-03 -4.09736531e-04
  1.95231754e-02 -3.44198779e-04 -9.44141007e-04  5.49917715e-03
  5.93463774e-04  1.15665467e-03 -2.36696354e-03 -5.24849631e-03
  1.44191168e-03 -3.14181717e-03 -3.89621686e-03  2.29957164e-03
 -1.30157277e-05 -1.44913606e-03  3.11428797e-03  1.15213068e-02
  1.79643892e-02 -2.16011927e-02  4.05154005e-03 -2.16636178e-03
 -2.99199787e-03  3.49238690e-05 -7.41806068e-03 -1.08922403e-02
 -2.99133919e-02 -1.74303772e-04  1.17573347e-02  1.29986845e-03
  1.72012914e-02 -1.08886100e-02  1.32885892e-02 -5.74280368e-03
 -4.16693687e-02  3.35010216e-02  6.71519339e-03  2.36495794e-03
  1.37823808e-03 -7.64537952e-04 -4.35597589e-03  1.24257961e-02
  8.53050221e-03  1.04133552e-03  1.99576449e-02 -9.81568475e-04
 -3.41329840e-03  3.39310523e-03  1.54087367e-03 -3.42759327e-03
 -2.70744297e-03  7.33474921e-03 -2.11773417e-03  6.55517157e-04
 -8.25231988e-03  1.00947822e-04 -1.76277501e-03  1.55156590e-02
 -3.10880691e-03 -2.59068632e-03 -2.45991000e-03  1.65966863e-03
  1.16803974e-03 -3.27401888e-03  1.84738766e-02  5.38919028e-03
  1.17352549e-02  1.37158099e-03  3.55590531e-03 -1.31409953e-03
 -2.05935445e-04 -1.06102172e-02 -3.22264154e-03  8.36386904e-03
  3.75029142e-03 -4.62647877e-04 -1.18414289e-03  2.89151981e-03
 -9.22834501e-03  4.12541255e-03  1.38256783e-02 -9.44124040e-05
  2.60717981e-03 -7.12889526e-03 -5.00024483e-03  6.94565754e-03
 -2.64901458e-03  1.26492344e-02  7.85625167e-03  4.41311114e-03
  4.70484700e-03 -9.28699970e-03 -3.69111251e-04  1.65326446e-02
 -6.30880101e-03  8.34530778e-03  4.12960909e-03  8.59576627e-04
  5.39046247e-04  3.80107178e-03 -7.05850078e-04 -1.63284782e-02
  3.88957700e-03 -3.76089029e-02 -1.98670942e-02 -4.61368868e-03
  4.65469994e-03  6.77379221e-03 -1.11311609e-02 -9.23569314e-05
  4.00590594e-04  1.62472390e-02 -1.45016750e-03  2.70604924e-03
  1.10098196e-03 -2.08285470e-02 -2.90010776e-03 -3.82802193e-03
  3.56612657e-03  1.47390389e-03  2.88671395e-03 -8.47447023e-04
 -4.81606461e-03 -6.70601241e-03 -1.23386104e-02  1.43787137e-03
  2.04235204e-02 -1.28969550e-04 -4.93439671e-04  8.16786010e-03
 -8.65599047e-03 -1.04304403e-03  9.53633629e-04 -8.54461454e-03
 -2.61014648e-04 -1.23456353e-02  2.15373896e-02  2.35578860e-04
 -2.73315585e-03 -2.53436738e-04 -1.96771394e-03  1.35194873e-02
  6.15811581e-03  4.75189299e-04  4.40104166e-03  1.67860333e-02
 -2.15065442e-02  2.89032259e-03 -4.84258356e-03 -5.81722765e-04
  4.33204137e-03 -2.83200759e-03  9.48605873e-03  3.50726396e-03
  7.94629939e-03 -5.21666557e-03  2.97937915e-03  5.80384582e-03
  1.55388971e-03  9.82026104e-03  2.41168141e-02  1.45822093e-02
  2.10483267e-04  9.01240017e-03  1.09174161e-03  7.38926791e-03]
gradient205:[[[[ 2.16701161e-03  2.09525670e-03 -3.17016093e-04 ... -1.01321656e-03
    -1.03199249e-03 -1.63231662e-03]
   [ 1.66207983e-03  7.71735841e-03  1.48512865e-03 ...  0.00000000e+00
     4.61778743e-03 -1.06590020e-03]
   [ 9.54499934e-04 -6.10882766e-04  5.00815921e-03 ... -1.00313115e-03
    -2.36819172e-03 -3.63902352e-03]
   ...
   [ 1.30580645e-03  4.82738810e-03  4.20496290e-05 ... -3.32834083e-03
    -3.28002963e-03 -7.44552538e-03]
   [ 2.36030479e-04  2.80287047e-03 -5.41590096e-04 ...  9.11503230e-05
     1.00819313e-03  1.48633809e-03]
   [-2.55674313e-05  7.64597964e-04  8.14550367e-05 ... -2.98496161e-07
     1.37632087e-04 -5.18940738e-04]]

  [[ 1.31917128e-03  5.71243174e-04  9.34665615e-04 ... -1.16941310e-03
    -1.30945339e-03 -8.41407804e-04]
   [ 6.06155721e-04  4.94035718e-04  1.33930985e-03 ...  0.00000000e+00
     2.70182802e-03  4.46629105e-03]
   [ 2.95434031e-03  6.33118162e-03  7.14308466e-04 ... -2.05355301e-03
    -2.79301591e-03  1.43390044e-03]
   ...
   [ 2.12986328e-04  1.65978342e-03  1.84116667e-04 ... -1.41353055e-03
    -4.81882971e-03 -4.26031603e-03]
   [ 1.05480089e-04  6.40958548e-04 -1.37800525e-03 ... -1.47326180e-04
     5.08014753e-04 -2.50680814e-03]
   [-6.81686579e-05 -1.89819591e-04  1.13678619e-03 ...  0.00000000e+00
     5.91014796e-05 -7.13910093e-04]]

  [[ 2.22449395e-04  2.91739288e-03  1.71091501e-03 ... -7.23044272e-04
    -1.51330919e-03 -2.09074118e-03]
   [-1.16358139e-03  4.13282635e-03  3.46669229e-04 ... -2.52489903e-04
     6.59528712e-04  4.90637776e-03]
   [ 1.70902931e-03  9.15538613e-03 -2.13999912e-04 ... -2.01197714e-03
    -2.48125778e-03 -6.06481405e-03]
   ...
   [ 3.46392830e-04  7.25534000e-03 -2.57925334e-04 ... -3.88517743e-03
    -5.87960426e-03 -2.36387202e-03]
   [-1.09556335e-04  3.79592908e-04 -3.88374727e-04 ... -1.20894045e-04
     3.84029641e-04 -3.76837095e-03]
   [ 1.50930573e-04  5.07903693e-04 -1.54885405e-04 ...  0.00000000e+00
    -1.52691980e-04 -4.27782827e-04]]]


 [[[ 6.51379582e-04  9.56627948e-04 -2.09537116e-04 ...  0.00000000e+00
    -4.00519930e-04 -5.67443343e-03]
   [-2.27369776e-04  5.87570108e-03 -2.77736294e-03 ...  3.28486378e-04
     6.31589768e-03 -2.23942548e-02]
   [ 2.23450852e-03  9.15206387e-04  1.21211109e-03 ... -8.29646364e-04
    -7.65100005e-04 -1.02046439e-02]
   ...
   [ 1.02412817e-03  4.36573010e-03 -2.64966139e-03 ... -2.41234410e-03
    -4.18131566e-03 -1.80900656e-02]
   [-2.72894104e-04  2.43018032e-03 -1.51254795e-03 ... -2.83385671e-05
     1.33238500e-03 -7.42225558e-04]
   [ 9.97538427e-06  4.82240022e-04 -4.19318938e-04 ... -1.23544317e-03
    -2.12784577e-03 -1.32803153e-03]]

  [[-4.52358508e-04  2.04479205e-03  3.12816678e-03 ... -5.14764513e-04
    -8.97720805e-04 -7.55297253e-03]
   [-2.59358756e-04  1.51487114e-03  9.28624126e-04 ...  0.00000000e+00
     6.34764135e-03 -1.66574642e-02]
   [ 2.92721810e-03  5.51128807e-03 -1.60831097e-03 ... -1.41973211e-03
    -2.45274859e-03 -1.77105679e-03]
   ...
   [ 1.04021958e-04  2.69290200e-03  5.96506179e-05 ... -2.82456609e-03
    -4.39638924e-03 -1.56206060e-02]
   [-1.43743062e-04  3.04377032e-03 -2.16612895e-03 ... -9.02326428e-06
     8.96712474e-04 -8.74562538e-04]
   [-5.96507103e-04 -2.14015367e-04  1.59003015e-03 ... -1.55714387e-03
    -1.87516736e-03 -1.68544939e-03]]

  [[ 3.82194848e-04  3.08925519e-03  2.82465341e-03 ... -1.04505487e-03
    -1.06632069e-03 -5.81411272e-03]
   [-1.06763095e-03  1.40601827e-03  1.00340450e-03 ...  4.47211991e-04
     4.12262557e-03 -9.10088047e-03]
   [ 1.86248193e-03  1.10942498e-02 -9.39265534e-04 ... -1.31536496e-03
    -2.52273702e-03 -6.55714981e-03]
   ...
   [-3.46505331e-05  7.08986912e-03  1.26182029e-04 ... -3.25545273e-03
    -4.96861851e-03 -1.26897283e-02]
   [-1.08746179e-04  1.39448489e-03  5.28422766e-04 ...  2.88150681e-04
     1.58608437e-03 -3.46690591e-04]
   [-7.04652513e-04 -2.46778309e-05  7.77722977e-04 ... -6.57548429e-04
    -5.31008176e-04 -1.24651566e-03]]]


 [[[ 9.14775534e-04  4.78241360e-03 -2.03321455e-03 ...  0.00000000e+00
     6.27789355e-04  1.20285503e-03]
   [-3.20273539e-04  1.13229463e-02 -7.11971242e-03 ...  0.00000000e+00
     3.77585087e-03 -1.48693854e-02]
   [ 7.84545438e-04  4.56171064e-03  8.04228534e-04 ... -5.43343928e-03
    -5.40211285e-03 -1.35516245e-02]
   ...
   [ 6.77231525e-04  1.03233699e-02 -6.85680285e-03 ... -4.75236826e-04
    -1.10329886e-03 -9.23049543e-03]
   [-3.78756697e-04  7.59464863e-04 -6.94660470e-04 ... -3.66332024e-05
     6.87422231e-04 -1.17374433e-03]
   [ 9.66578780e-04  1.50878995e-03 -9.49585228e-04 ... -3.36945360e-03
    -3.06396117e-03  6.06204230e-06]]

  [[ 1.33367290e-03  4.61791689e-03 -1.77814602e-03 ...  0.00000000e+00
     1.46989420e-03 -1.65082311e-04]
   [-8.35038809e-05  5.34354523e-03 -2.38983170e-03 ...  0.00000000e+00
     5.58548374e-03 -9.00274795e-03]
   [ 5.07966906e-04  1.12194242e-02 -6.57550665e-03 ... -3.70926363e-03
    -3.58362938e-03 -8.88641831e-03]
   ...
   [ 1.06263079e-03  6.29378529e-03 -2.84722866e-03 ... -2.88604759e-03
    -3.23708518e-03 -7.37738470e-03]
   [-1.73551889e-04  1.84263263e-04 -2.50216923e-03 ...  6.07988877e-05
    -3.90669011e-04 -7.17420655e-04]
   [-4.68661747e-04  1.32061844e-03  1.85182958e-03 ... -2.75522633e-03
    -3.11671360e-03 -4.11583926e-04]]

  [[ 1.03499566e-03  3.17092915e-03 -2.78793648e-03 ... -7.68616039e-04
    -7.67979189e-04  4.73936467e-04]
   [-2.37621018e-04  6.51050825e-03 -6.67037023e-03 ...  3.92802685e-05
     5.45259658e-03 -3.66298971e-03]
   [ 7.54741777e-04  5.50985243e-03  6.35850418e-04 ... -3.91600700e-03
    -5.17659821e-03 -7.93878175e-03]
   ...
   [ 1.80396000e-05  1.02259116e-02 -6.25460502e-03 ... -1.94220548e-03
    -2.59546307e-03 -6.01919135e-03]
   [ 1.87357844e-04 -2.08146404e-04 -7.39565003e-05 ...  2.23639072e-04
     2.57247710e-04  1.43834812e-04]
   [-3.37046135e-04  1.48115261e-03  5.92161145e-04 ... -2.35593459e-03
    -3.58397653e-03 -1.05423375e-03]]]]
gradient206:[ 7.76680326e-03  1.97120439e-02 -1.84974540e-03  2.28515584e-02
 -1.15333195e-03 -7.41941901e-03  2.22796388e-02  7.13672442e-03
  1.56110874e-03 -2.14888584e-02  8.93219723e-04  2.35331152e-02
 -2.63990881e-03 -9.57831275e-03 -7.02195847e-03 -7.77157489e-03
  6.04526838e-03 -1.82222705e-02 -3.07350364e-02 -3.39017026e-02
  2.93957535e-03  9.04808927e-04 -3.78839672e-03 -4.42428328e-02
 -3.29898065e-03  8.18470586e-03 -8.81015672e-04 -6.54068496e-03
  1.41342701e-02  3.21039790e-03 -4.09347331e-03  1.03233298e-02
  1.20683024e-02  4.73904796e-03 -6.54058205e-03 -4.19918541e-03
 -8.33212119e-03  7.58404424e-03 -7.21704075e-03 -6.20341860e-03
 -3.26270051e-02 -1.66032705e-02 -3.78781836e-03 -3.52207571e-02
 -6.10863743e-03  1.72666721e-02 -1.11235762e-02  1.26052899e-02
  6.49983156e-03  2.35291827e-03  1.73760229e-03 -9.82811674e-03
 -2.49714521e-03 -2.10289727e-03  1.57378963e-03 -4.09257673e-02
  5.47228847e-05 -1.86729839e-03 -7.88232719e-05  1.06210617e-04
  6.33251213e-04  2.32382808e-04  1.84154487e-03  7.75756966e-03
  4.44862118e-04  1.64604299e-02  1.48975337e-02 -1.58179109e-03
 -3.10106250e-03  2.53505036e-02 -5.08247316e-03 -1.46509556e-03
  4.29174770e-03 -1.53248245e-02  4.02931450e-03 -8.12421180e-03
  6.33725291e-03  1.61559123e-03 -1.62428524e-02 -2.77470052e-02
 -9.50441812e-04 -3.61913368e-02  3.51857161e-04  6.87629264e-03
 -1.92860514e-03  4.28798339e-05  1.58269592e-02  2.29635811e-03
  1.16683412e-02 -3.72466352e-03  6.08302478e-04  6.38007466e-03
 -7.15135038e-03 -6.71137776e-03  4.91779437e-03 -4.52786312e-03
  1.15429815e-02 -8.32757130e-02 -6.20305771e-04  3.81913595e-03
  1.03103407e-02  1.51414913e-03  3.64039536e-03  2.25890195e-03
  1.25034368e-02 -1.89694352e-02  2.33187852e-03 -7.62317795e-03
 -2.90097576e-02 -8.99470295e-04  1.94020960e-02  7.53084756e-03
 -3.46227898e-03 -1.15882438e-02  1.87637117e-02  4.07381449e-04
  2.64265928e-02  4.58351150e-02  4.24077240e-04 -2.14467617e-03
 -3.80767346e-03 -2.32767966e-03  3.54684629e-02  6.06049318e-03
  2.21222788e-02  9.56530776e-03  1.48027632e-02 -3.75210382e-02
  2.84974463e-02  2.85783480e-03 -7.64623052e-03  2.75042979e-03
  8.93677468e-04  4.62842081e-03  3.33490025e-04 -2.72597116e-03
  9.14957840e-03  9.04875109e-04  1.11039402e-02  4.38210787e-03
  1.38165532e-02  8.67086276e-03  1.39124156e-03  1.94956793e-03
 -3.07156797e-03 -3.84535966e-03  2.00715326e-02 -1.50902523e-03
 -1.63311989e-03 -2.76565610e-04  3.19676939e-03  1.00591984e-02
  2.36832048e-03  3.26198302e-02 -1.22144790e-02  8.04748666e-03
  1.05761643e-03  2.94510485e-03  1.68109089e-02 -6.58949232e-03
 -5.01507288e-03 -2.34309286e-02  7.28487596e-03 -4.05231304e-02
 -1.23273358e-02 -1.56050520e-02  2.08182093e-02  2.16555428e-02
 -7.81258452e-04  6.05648244e-03  9.54557955e-03 -6.93859998e-04
  2.39418965e-04 -1.89275686e-02 -2.03663134e-04 -2.78770421e-02
  2.18667444e-02 -1.77877657e-02 -4.81436402e-03  6.75119751e-04
  2.69927573e-03  7.96742388e-04  6.43893704e-03  6.17210113e-04
  6.97739597e-05  2.91048526e-03  4.92977258e-03 -8.13734136e-04
  5.86570008e-04 -3.68395960e-03  2.45766062e-03  2.73074722e-04
 -1.96798742e-02 -3.19487741e-03 -1.07637781e-04 -9.30697843e-03
 -1.16184494e-02  1.82350762e-02  2.60944740e-04 -7.59306969e-03
  8.16995651e-03 -2.31343016e-04 -1.73380654e-02  3.55726545e-04
 -3.21133249e-03  5.47847850e-03 -4.85067926e-02  5.17151318e-03
  2.46115010e-02  5.27647324e-04 -2.81408783e-02  5.09768119e-03
 -2.85011530e-03 -6.59388583e-03 -1.83678996e-02 -1.26971921e-04
  3.78913712e-03  9.39449202e-03 -2.08609998e-02  4.82732709e-03
 -5.12786489e-03 -1.58130080e-02  2.83690286e-03 -1.13969166e-02
 -1.12713897e-05  1.34379696e-02  1.18587036e-02  9.84194968e-03
 -8.63907684e-04 -5.21808257e-03  6.67026918e-03  2.08475888e-02
  8.66644457e-03  1.56230303e-02 -3.76520678e-02  3.42454901e-03
 -1.08899307e-02  4.89424635e-03  0.00000000e+00  9.53716412e-03
 -3.29402927e-03 -1.87342484e-02 -8.93553998e-03  1.29192980e-04
  3.16447276e-03  5.81544405e-03  1.69618968e-02  1.70901441e-03
 -5.61415171e-03 -1.48032401e-02 -5.18429885e-03 -2.66591068e-02
 -6.19196985e-03  5.53019485e-03  8.36658664e-03  3.49309971e-03
  5.68041997e-03 -1.84720254e-03 -4.31519374e-03 -3.45160323e-03
  2.74528023e-02 -4.78462176e-03  6.25706837e-03 -2.03782436e-03
  5.52431867e-03  2.35201954e-03 -5.20600053e-03 -8.03470321e-04
 -6.49418682e-03  0.00000000e+00  2.70761643e-02 -6.07223017e-03
 -6.55828801e-04 -1.34869025e-03  4.50391369e-03  3.29003576e-03
  9.71894059e-03 -1.23747473e-03 -3.88931367e-04  8.55484046e-03
 -5.42524494e-02 -2.95545696e-03 -1.83727383e-03 -2.41300277e-02
 -1.69969944e-03  6.33627549e-03  5.66873606e-03  9.18516796e-03
  1.34415571e-02  1.17619932e-02  5.02486480e-03 -2.51050256e-02
 -4.70154407e-03  2.02767160e-02 -4.32127761e-03  1.76193635e-03
  7.42651895e-03 -1.27044786e-03 -2.20425054e-03  2.18302174e-03
 -4.91699204e-03  1.61251128e-02  3.71335555e-05  3.13057192e-03
 -4.15713806e-03  1.95262711e-02  4.59941011e-03 -2.35751132e-03
 -6.18289271e-03  1.09707620e-02  2.05507060e-03 -1.10402144e-02
 -8.68618896e-04 -1.77543573e-02  2.05530156e-03 -4.58657462e-03
 -1.28813358e-02 -9.54395533e-03 -2.63492800e-02 -2.17830818e-02
  1.54128857e-03  9.10952780e-03 -9.44226980e-03 -3.73001304e-03
 -5.62679395e-02  3.67123075e-02  9.57273133e-03  2.69503682e-03
  1.29680373e-02  1.06477775e-02 -1.65971206e-03  1.02556520e-03
 -8.57357215e-03  4.31009708e-03  1.77335565e-03  0.00000000e+00
 -5.66885388e-03 -6.55449629e-02 -1.26591129e-02  2.39427318e-03
  2.89834058e-03  2.21309136e-04  2.94269039e-03  2.22817087e-03
 -3.06805572e-03 -5.88745018e-03  1.39974139e-03  7.92996213e-03
  1.63279735e-02 -4.53642607e-02  3.51710394e-02  1.12280459e-03
  1.62973255e-03 -1.85941532e-02 -5.44956047e-03 -3.92198650e-04
 -1.00536840e-02  3.84668517e-03  1.14042470e-02 -1.66621490e-03
 -4.42400165e-02 -1.70587469e-02 -1.14809424e-02 -4.76625864e-05
  1.51954936e-02 -5.26021142e-03 -1.44845359e-02 -2.90340267e-05
 -6.80163736e-04  3.11866160e-02 -3.71579430e-04 -3.13569903e-02
  6.13544928e-03 -3.12119606e-04 -1.79135054e-02 -3.03335628e-03
 -2.39505954e-02  4.64003300e-03 -7.79069867e-03 -4.52746957e-04
  5.66094927e-03  2.14866456e-03  1.49951940e-02 -1.88153777e-02
  3.29510532e-02 -2.21844763e-02 -6.45923708e-03  3.63105871e-02
 -2.41717380e-02 -4.20767406e-04  3.80637636e-03  6.66886568e-03
  1.20490845e-02 -2.35402631e-03 -7.06926046e-04  1.98458377e-02
  4.05050954e-03  2.95737796e-02 -1.85263231e-02  1.16539272e-02
  1.24091068e-02  2.33113300e-04  7.16277119e-03  2.20585542e-04
  2.34221132e-03  2.48009153e-02  9.77292471e-03 -4.08369601e-02
  7.56403012e-03  9.61470709e-04 -1.74577953e-03 -9.11926664e-03
  1.22399423e-02 -5.38420714e-02  3.94600965e-02  2.05732812e-03
 -2.27017105e-02 -5.12457453e-03 -4.50343639e-02 -1.25470397e-03
  1.36938132e-03 -6.89715985e-03 -9.23697092e-03 -6.22040418e-04
  1.35770869e-02 -6.18136022e-03  1.82599910e-02  6.25928165e-03
  1.49555423e-03 -3.94317927e-03 -2.18100520e-03 -4.61817384e-02
  1.22806570e-03  1.67499371e-02  2.23108996e-02 -4.94984537e-03
 -1.97652765e-02 -4.52970620e-03  2.02468291e-05 -5.15191443e-03
 -4.64591058e-03  2.17215245e-04  1.04761943e-02 -1.53157767e-02
 -7.62700336e-03  7.56552443e-03  1.63600605e-04  5.70530305e-04
  7.09366359e-05 -6.03181869e-03  5.65620314e-04 -1.50960647e-02
  1.00982469e-02 -1.49768712e-02  1.86106283e-02  8.23528133e-03
  1.81527734e-02 -3.83907347e-04 -6.40665006e-04 -7.14441529e-03
  2.47526192e-03 -2.19698213e-02  1.49513024e-03  1.80654018e-03
 -8.46850313e-03 -1.43480087e-02 -4.33378369e-02 -1.65134165e-02
 -7.21586309e-03 -8.59027915e-03 -6.52337121e-03  1.55834947e-03
 -3.56838619e-03 -2.13958044e-02 -4.22666036e-03 -3.13528106e-02
 -8.43095221e-03 -3.12038735e-02  3.06696258e-03 -5.03401039e-03
  1.37212453e-02 -1.44883655e-02  5.95816504e-03  5.52437734e-03
 -2.32935743e-03 -3.96371528e-04 -5.73772052e-03 -6.30193448e-04
  3.19167785e-03  1.05528347e-03  1.05287200e-02 -7.79149821e-04
  1.16843393e-03 -5.24294144e-03 -8.19157343e-03 -6.27197605e-03
  1.21773183e-02  9.79452953e-03  5.45169925e-03  1.45339422e-04
 -1.50280748e-03  5.57274232e-03 -1.66796949e-02  1.09168207e-02
 -1.01538161e-02  1.31667452e-03  7.84186274e-03  1.33623800e-03
 -2.68981908e-03 -1.42637128e-02 -2.00197417e-02 -1.41480863e-02]
gradient207:[ 2.39978847e-03  1.47389788e-02  1.17252790e-03  2.69345231e-02
 -2.27944300e-04 -6.24058768e-03  8.24223645e-03  5.00084693e-03
  3.42001533e-03 -1.48782823e-02  7.80101633e-04  2.16940399e-02
 -8.46985437e-04 -8.69417004e-03 -6.62189210e-03 -1.58091746e-02
  3.86003358e-03 -1.28937801e-02 -2.00427305e-02 -2.79436465e-02
  1.17314607e-03  1.16929517e-03 -1.52545492e-03 -2.03691646e-02
 -1.16470631e-03  5.16882958e-03  1.22386951e-03 -2.95890751e-03
  5.00370376e-03  1.31879176e-03 -6.87556923e-04  6.33843523e-03
  3.78102483e-03  1.29671581e-03 -2.96820840e-03 -1.77502003e-03
 -3.07895127e-03  4.14659875e-03 -3.95564176e-03 -3.25522455e-03
 -2.04518456e-02 -1.03941187e-02  8.13271757e-03 -3.02318875e-02
 -2.97433534e-03  8.51001404e-03 -7.07339216e-03  4.23143245e-03
  3.12427804e-03  6.15922501e-04 -3.56767821e-04 -4.54127183e-03
 -7.87748082e-04 -3.48780828e-04 -9.73469869e-04 -3.73169146e-02
  1.69926118e-02 -4.78965172e-04  3.75119387e-04  2.77281324e-05
  5.82397479e-05  6.75828487e-05  6.18103601e-04  4.94936761e-03
 -7.62210635e-04 -1.78190563e-02  1.20840864e-02 -1.73301145e-04
 -1.40848442e-03  2.40019225e-02 -3.62132979e-03 -2.16899978e-04
  1.39839971e-03 -1.52267981e-02  4.58182488e-03 -2.23076087e-03
  3.48453876e-03  5.31748054e-04 -7.66971521e-03 -1.52777042e-02
 -3.71488539e-04 -6.46446273e-02 -1.88163001e-04  2.09871423e-03
 -5.80559135e-04  1.24351145e-05  1.32406875e-02  3.59468185e-03
  3.78284766e-03 -1.24815491e-03 -1.45315845e-03  2.54725781e-03
 -8.00197665e-03 -2.11933791e-03  5.78219723e-03 -1.23087282e-03
  1.61215421e-02 -7.32581019e-02 -1.84632081e-04  2.09547719e-03
  1.17470920e-02  3.55582405e-03  9.35889722e-04  1.01870368e-03
  2.08197515e-02 -1.58041865e-02  8.98878090e-04 -3.02232895e-03
 -4.21393998e-02 -2.02784970e-04  8.14700313e-03  3.08266305e-03
 -1.43848720e-03 -3.07055330e-03  1.04589388e-02  1.47764644e-04
  2.27150135e-02  5.50726913e-02  8.91397867e-05 -1.33662004e-04
 -4.07792069e-03 -1.16249349e-03  3.97692136e-02  3.03893397e-03
  2.21674722e-02  3.65928607e-03  9.79869999e-03 -2.63089128e-02
  1.72546487e-02  1.36474113e-03 -4.04507387e-03  1.04256393e-03
 -1.46354811e-04  4.13182518e-03  2.69952638e-04 -2.45466083e-03
  8.19373017e-05  2.15083594e-04  4.54659527e-03  4.38567298e-03
  1.42268715e-02  3.66092939e-03  1.11280091e-03  5.30730525e-04
 -9.36021563e-04 -2.49032839e-03  1.00905690e-02  2.57914973e-04
 -4.21649514e-04 -6.99041047e-05  6.95022172e-04  1.06892195e-02
  4.57288930e-04  2.46192366e-02 -4.50054836e-03  3.79412039e-03
 -9.95045502e-06 -2.34146923e-04  7.79582001e-03 -6.74273493e-03
 -4.05326067e-03 -2.03717500e-02  2.74266559e-03 -5.53437099e-02
 -2.55858246e-02 -8.17849115e-03  1.58571415e-02  2.60964558e-02
 -2.61642650e-04  2.25187186e-03  4.66896174e-03  3.37759469e-04
 -1.17845811e-04 -1.34655777e-02 -5.94606536e-05 -2.45495718e-02
  7.88972899e-03 -6.47842325e-03 -2.09031417e-03 -5.98364626e-04
  8.44296883e-04  1.28294947e-03  7.33584259e-03  2.07792982e-04
 -1.20529300e-03  5.01602609e-03  5.09184785e-03 -3.55092547e-04
  1.00497513e-04 -1.10955874e-03  5.98496001e-04  3.08940513e-03
 -8.94823670e-03 -1.00542465e-03 -4.49670304e-04 -3.74267506e-03
 -5.85361104e-03  8.19991436e-03  6.87443826e-05 -3.32173635e-03
  9.40099824e-03 -5.85980742e-05 -1.93188842e-02  7.80767732e-05
 -1.28934789e-03  1.39276881e-03 -3.47256735e-02  1.62443530e-03
  1.59339756e-02 -1.36276172e-03 -2.08710078e-02  9.01479833e-03
 -7.77190144e-04 -2.71493499e-03 -1.21151116e-02 -3.03410488e-04
  3.51435709e-04  4.93482687e-03 -2.54665855e-02  3.16279056e-03
 -3.04325973e-03 -8.81589390e-03  1.15143950e-03 -2.40968354e-03
  2.12901941e-04  5.08369040e-03  7.69590540e-03  4.00758768e-03
 -3.55762779e-04 -2.24416773e-03  2.45133811e-03  1.04271676e-02
  9.83242039e-03  1.01691782e-02 -3.84783037e-02  1.08389067e-03
 -7.51071796e-03  4.55905451e-03  0.00000000e+00  1.38597367e-02
 -5.98905142e-04 -1.36720315e-02 -4.95961634e-03 -3.32820957e-04
  6.03773864e-04  3.48847336e-03  1.51408669e-02 -4.08407068e-03
 -1.55446446e-03 -7.93844741e-03  3.11400545e-05 -3.06002926e-02
 -2.33047642e-03  2.64926651e-03  2.35591107e-03  4.98953450e-04
  2.13165535e-03 -9.48503031e-04 -2.67244247e-03  2.52242363e-03
  3.39043289e-02 -2.02337559e-03  3.72222741e-03 -5.39186352e-04
  4.04661661e-03  3.63420142e-04 -6.01254171e-03 -4.20944241e-04
 -6.76189177e-03  0.00000000e+00  2.48566829e-02 -1.07281702e-03
 -5.23033959e-04 -9.04529239e-04  1.39072374e-03  9.67850618e-04
  6.41317852e-03  1.05311730e-04 -8.77517014e-05  4.39913478e-03
 -6.00883998e-02 -1.63344503e-03 -1.24580711e-02 -2.34782938e-02
  9.32983006e-04  8.90469237e-04  3.72708263e-03  2.98482785e-03
  1.15729310e-02  6.45917701e-03  4.06870712e-03 -1.21176913e-02
 -4.90493898e-04  2.87244059e-02 -1.78742188e-03  2.96287617e-04
  4.37009661e-03  8.24410294e-04  6.71047368e-04  8.93433986e-04
 -2.77926074e-03  6.03386806e-03  2.41333721e-04  3.06032621e-03
 -3.17493710e-03  3.21319117e-03  2.30133627e-03 -2.62254174e-03
 -2.59461161e-03  1.16985640e-03  6.01735257e-04 -3.60378413e-03
 -8.48377415e-04 -2.67320741e-02  1.09590692e-04 -5.56636183e-03
 -9.02886037e-03 -5.35870017e-03 -2.98897438e-02 -1.45553313e-02
  5.12749364e-04  1.84765679e-03 -1.03365546e-02 -1.40478311e-03
 -5.99840693e-02  2.89427638e-02  4.81667090e-03  1.97682716e-03
  7.05941441e-03  6.78806193e-03 -5.73974801e-04  3.80616519e-04
 -1.71967596e-02  9.66168242e-04  5.85209404e-04  0.00000000e+00
 -6.24305196e-03 -7.08149597e-02 -6.88722916e-03  9.52250033e-04
  2.51595210e-03  1.12879102e-03  2.49965978e-03  1.68274948e-03
 -1.13394449e-03 -3.46341147e-03  5.68967778e-03  2.76103127e-03
  9.66791715e-03 -4.78506386e-02  2.03038342e-02  3.64740787e-04
  4.98970388e-04 -1.56782661e-02 -3.55894351e-03  4.26508923e-04
 -3.87313962e-03  1.60338089e-03  4.96865995e-03 -1.52309309e-03
 -3.46874706e-02 -2.37064138e-02 -7.89689086e-03 -9.09332559e-03
  5.18115750e-03 -2.46478966e-03 -9.18193627e-03 -8.36969048e-06
 -1.93479762e-04  2.67008953e-02 -1.49064511e-03 -1.20885959e-02
  1.77704985e-03 -7.11119210e-05 -1.07831275e-02 -2.94298166e-03
 -1.20220268e-02  3.05211521e-03 -5.18625323e-03 -6.87614884e-05
  8.39585625e-03  8.46453186e-04  5.79479756e-03 -9.78934579e-03
  4.26345654e-02 -1.59773752e-02 -2.60230061e-03  1.73365157e-02
 -9.86498874e-03 -1.20024226e-04  1.58874074e-03  1.57911121e-03
  4.64902772e-03 -1.75435445e-03 -2.16424305e-04  1.74955092e-02
  1.18905341e-03  2.35880651e-02 -1.67435035e-02  6.55732956e-03
  6.04436221e-03  5.93790464e-05  5.42774657e-03  8.16750617e-05
  6.80334575e-04  1.47525882e-02  3.69612547e-03 -3.72197777e-02
  8.88457615e-03  2.48072878e-03 -1.23733177e-03 -1.09573090e-02
  7.55926454e-03 -5.18864281e-02  4.30612490e-02  6.07895665e-04
 -1.96424779e-02 -3.40975844e-03 -5.90647422e-02  1.00365456e-03
  6.31715113e-04 -5.27935661e-03 -3.68965371e-03 -1.96179200e-04
  7.45123113e-03 -3.17068025e-03  6.89097913e-03  2.41581327e-03
 -6.05945755e-03 -2.15451280e-03 -7.48230668e-04 -3.42154242e-02
  3.59837722e-04  8.37566704e-03  7.65928160e-03 -1.87418354e-03
 -3.25868055e-02 -2.38013780e-03  5.53897349e-04 -1.55301450e-03
 -1.87178224e-03  1.02901788e-04  4.98117227e-03 -9.73974168e-03
 -1.17486501e-02  4.47822642e-03  1.57237810e-04  2.14619824e-04
 -2.06115132e-04 -2.35968851e-03  1.90970313e-04 -9.38593596e-03
  4.07677609e-03 -7.39213731e-03  1.79214887e-02  2.90659745e-03
  6.95131533e-03  1.58835109e-03 -5.38324704e-03 -2.89332238e-03
  9.41206468e-04 -2.88093425e-02  3.24503490e-04  2.27173348e-03
 -1.67795212e-03 -1.12743462e-02 -2.84476019e-02 -1.03174141e-02
 -3.16104083e-03 -6.48096204e-03 -3.30331130e-03  8.10720376e-04
 -1.36175996e-03 -1.74710378e-02 -9.98856500e-04 -2.35918313e-02
 -3.30573414e-04 -1.46231139e-02  1.34070998e-03 -2.18554144e-03
  5.60140470e-03 -9.49196145e-03  2.79637869e-03  9.63612867e-04
 -1.42519642e-03  7.46532896e-05 -2.80961557e-03 -3.78554891e-04
  1.92409754e-03  3.86706524e-04  7.87821878e-03 -2.37056258e-04
 -2.77664891e-04 -1.86748523e-03 -5.36306389e-03 -2.61506764e-03
  4.36064880e-03  5.80122275e-03  2.62175570e-03 -6.69260800e-04
 -3.81423917e-04 -7.63885619e-04 -8.03970173e-03  4.79416456e-03
 -5.74446330e-03  2.30242542e-04  3.26581625e-03  2.43713497e-04
 -8.42047739e-04 -6.26072986e-03 -1.35822864e-02 -7.14177731e-03]
gradient208:[ 2.05107639e-03  6.00634422e-03 -5.25633106e-04  6.68082107e-03
 -4.82782110e-04 -1.90694828e-03  5.86394127e-03  2.30717100e-03
  5.39338507e-04 -1.31283076e-02  2.32040766e-04  7.34903105e-03
 -1.05722027e-03 -3.43912328e-03 -2.65903911e-03 -4.11569094e-03
  2.58777291e-03 -7.81147741e-03 -1.18995402e-02 -1.13960104e-02
  9.84725659e-04  2.64633796e-04 -1.24471821e-03 -1.48034971e-02
 -1.14754809e-03  2.39042775e-03 -4.81424853e-04 -1.69994449e-03
  5.02354838e-03  8.96071258e-04 -1.25796907e-03  3.33327777e-03
  3.98300961e-03  1.42907153e-03 -2.84645217e-03 -1.34320604e-03
 -2.35481607e-03  3.13907769e-03 -2.38147518e-03 -1.61631184e-03
 -9.09386761e-03 -5.62703749e-03 -3.09875747e-03 -9.52619407e-03
 -1.70296896e-03  5.03479177e-03 -3.08335433e-03  6.15629228e-03
  2.28034565e-03  7.50481791e-04  6.11431838e-04 -3.52528319e-03
 -8.54112906e-04 -8.79770378e-04  4.41914279e-04 -1.14691490e-02
  1.52841676e-05 -5.00402180e-04 -2.05869728e-05  3.09277821e-05
  1.44651349e-04  6.29039423e-05  5.90236741e-04  2.13762955e-03
  2.27709592e-04  1.57555491e-02  5.17994072e-03 -7.84566277e-04
 -9.13240481e-04  8.66394211e-03 -1.81362382e-03 -5.20584174e-04
  1.69653574e-03 -4.56272345e-03  1.48785056e-03 -2.75103049e-03
  1.55187829e-03  5.47996839e-04 -5.76896267e-03 -7.07858615e-03
 -2.36152162e-04 -1.33499587e-02  1.17067539e-04  1.75636087e-03
 -7.18444120e-04  1.15453349e-05  4.43095667e-03  6.55155629e-04
  5.11385407e-03 -1.42160850e-03  2.41306261e-04  1.54212653e-03
 -1.85735989e-03 -2.55392445e-03  2.30626203e-03 -1.29330833e-03
  3.08094616e-03 -2.48231683e-02 -1.61885691e-04  1.12321333e-03
  3.58620845e-03  6.57727243e-04  1.41365849e-03  6.97193318e-04
  3.38897621e-03 -6.74700271e-03  1.05234771e-03 -2.02236813e-03
 -8.58142041e-03 -3.04113433e-04  7.85891525e-03  2.83976528e-03
 -1.11188588e-03 -3.53262131e-03  6.25590701e-03  1.21544959e-04
  8.38318560e-03  1.34226792e-02  1.05193096e-04 -9.02614207e-04
 -2.21263012e-03 -7.51026266e-04  1.59941018e-02  1.52987544e-03
  9.14010685e-03  2.86880438e-03  4.38188622e-03 -1.70487408e-02
  7.45845260e-03  9.69039218e-04 -2.22933339e-03  9.64792736e-04
  2.66319897e-04  1.30412192e-03  1.22994825e-04 -7.86956574e-04
  3.77924833e-03  3.31655116e-04  4.32473421e-03  1.53653009e-03
  4.42378223e-03  2.72580166e-03  4.20380296e-04  6.21619984e-04
 -9.88655142e-04 -2.08072620e-03  8.06439947e-03 -4.40513046e-04
 -6.37943624e-04 -9.13892145e-05  9.30221169e-04  2.84909271e-03
  1.06110028e-03  1.18679851e-02 -3.43525736e-03  2.67323782e-03
  4.22650308e-04  1.37522072e-03  4.41254675e-03 -2.25633360e-03
 -1.82833534e-03 -8.14765971e-03  2.29170872e-03 -1.24164103e-02
 -4.47025243e-03 -3.95781174e-03  7.22411089e-03  9.36742499e-03
 -2.30308433e-04  2.08189758e-03  2.94372905e-03 -2.52624741e-04
  8.11150821e-05 -6.44037547e-03 -5.18934103e-05 -1.34600922e-02
  7.35698175e-03 -5.41585218e-03 -1.20377587e-03  2.22853763e-04
  7.53913191e-04  2.56129133e-04  1.86711457e-03  2.66767136e-04
  3.02281696e-05  7.50663457e-04  2.10139202e-03 -3.07356706e-04
  1.80160976e-04 -1.48401922e-03  7.36273883e-04  1.11278452e-04
 -6.92382362e-03 -1.31311431e-03 -3.85323365e-05 -2.88492278e-03
 -3.76221305e-03  5.84220327e-03  9.48943052e-05 -1.99709064e-03
  3.60969640e-03 -8.13849911e-05 -6.78386167e-03  1.36439077e-04
 -1.38919917e-03  1.82658224e-03 -1.46149667e-02  2.05401354e-03
  1.18898470e-02  2.38853419e-04 -7.61247426e-03  2.58513680e-03
 -1.06856588e-03 -1.69452594e-03 -1.04429023e-02 -3.86283573e-05
  9.92076471e-04  3.55454534e-03 -6.40740013e-03  1.83004560e-03
 -1.84139318e-03 -3.58826201e-03  7.73674634e-04 -4.12485888e-03
 -3.89096385e-06  4.47509903e-03  3.43726226e-03  3.09502659e-03
 -2.68018572e-04 -1.73857366e-03  1.93748227e-03  6.24490436e-03
  2.62873597e-03  5.12397662e-03 -1.08638015e-02  9.99086536e-04
 -4.35127039e-03  1.55536109e-03  0.00000000e+00  3.47760157e-03
 -1.06721523e-03 -5.17910020e-03 -2.41499161e-03  4.01736470e-05
  1.15868321e-03  1.61752501e-03  6.93311403e-03  6.93745329e-04
 -2.94830929e-03 -5.03332261e-03 -2.08758353e-03 -1.53307188e-02
 -1.61657250e-03  1.29922666e-03  3.13094840e-03  1.36723369e-03
  1.50612299e-03 -4.69411199e-04 -1.22537569e-03 -1.09131855e-03
  1.11796325e-02 -1.69007701e-03  2.31838785e-03 -6.37364341e-04
  2.18425458e-03  8.98184371e-04 -2.47543445e-03 -2.52883736e-04
 -3.67422076e-03  0.00000000e+00  1.28795514e-02 -2.20560003e-03
 -2.46280426e-04 -5.05442615e-04  1.30961882e-03  1.11226179e-03
  3.69556621e-03 -3.08808638e-04 -1.22670797e-04  3.03531205e-03
 -1.91747379e-02 -9.27315152e-04 -5.47654228e-04 -8.69874377e-03
 -4.35007940e-04  2.03865091e-03  1.65166345e-03  3.45291430e-03
  3.41414893e-03  3.34824109e-03  1.59143808e-03 -1.37844235e-02
 -1.63940282e-03  6.79756841e-03 -1.39832566e-03  6.61201193e-04
  2.51023984e-03 -4.04631661e-04 -7.82909803e-04  7.66270910e-04
 -1.41791871e-03  5.45385573e-03  1.05258950e-05  1.05241872e-03
 -1.79951172e-03  3.91535042e-03  1.59661658e-03 -7.48868799e-04
 -2.56464537e-03  3.84552963e-03  7.37288035e-04 -3.61664733e-03
 -3.12768621e-04 -4.33910592e-03  5.39598754e-04 -2.29501631e-03
 -3.53479129e-03 -2.59593735e-03 -7.65360426e-03 -5.92111563e-03
  4.36467351e-04  4.55816509e-03 -3.32506094e-03 -1.52803783e-03
 -1.63483359e-02  1.33369295e-02  2.98405439e-03  7.80578703e-04
  5.24342339e-03  3.25611071e-03 -4.62803087e-04  3.55245895e-04
 -2.78128590e-03  2.24948418e-03  7.50318693e-04  0.00000000e+00
 -1.51447090e-03 -1.84355341e-02 -4.32324875e-03  6.79849356e-04
  1.09950267e-03  9.46570653e-05  1.86134374e-03  6.84156781e-04
 -1.01367198e-03 -1.92230730e-03  4.87009442e-04  2.02229503e-03
  7.43784895e-03 -1.14275347e-02  1.00184111e-02  3.16968566e-04
  5.07832214e-04 -5.75393345e-03 -1.99906551e-03 -1.69928084e-04
 -3.67228501e-03  1.27270247e-03  2.92959786e-03 -6.98260032e-04
 -1.61740519e-02 -6.17297180e-03 -3.52138001e-03 -1.58217736e-05
  6.71012979e-03 -1.42476568e-03 -5.02070971e-03 -8.71372140e-06
 -1.66752492e-04  1.01437438e-02 -1.01870566e-04 -8.47826060e-03
  2.18365714e-03 -1.00320729e-04 -4.12817299e-03 -1.06274709e-03
 -6.69552479e-03  1.16606813e-03 -2.42073741e-03 -1.24712606e-04
  1.69003801e-03  9.87859210e-04  4.38453071e-03 -4.88276174e-03
  1.14748599e-02 -7.23552611e-03 -2.43690703e-03  1.17382808e-02
 -5.79272164e-03 -1.42157529e-04  1.48757966e-03  2.40280805e-03
  3.50084226e-03 -9.17068450e-04 -2.38010078e-04  5.31514455e-03
  1.23316573e-03  1.12252226e-02 -5.66780102e-03  2.91484501e-03
  3.80853703e-03  6.56010598e-05  2.72769295e-03  5.90460550e-05
  6.20644074e-04  8.05049762e-03  3.05584306e-03 -1.36195272e-02
  3.08357948e-03  3.60753940e-04 -6.63567393e-04 -2.74363393e-03
  3.79103702e-03 -1.52750462e-02  1.18464986e-02  9.21171100e-04
 -8.29293020e-03 -1.43135758e-03 -1.98374037e-02 -5.88575320e-04
  6.46943634e-04 -2.00669514e-03 -3.18637956e-03 -2.11041712e-04
  3.60731059e-03 -2.47858209e-03  5.32682007e-03  1.78170938e-03
  4.31607361e-04 -1.04654825e-03 -7.66763755e-04 -1.35285733e-02
  3.00487387e-04  5.74561022e-03  6.95375353e-03 -1.23872282e-03
 -5.73095214e-03 -1.32525363e-03  6.44865213e-06 -1.91025098e-03
 -1.75297156e-03  6.41505976e-05  2.71132821e-03 -6.08745730e-03
 -2.04670988e-03  2.16333894e-03  4.52744716e-05  1.78868097e-04
  3.05072026e-05 -2.00939807e-03  1.62305660e-04 -6.32829405e-03
  3.29318177e-03 -4.13558492e-03  6.35038456e-03  3.05759627e-03
  5.30051859e-03 -9.41013204e-05 -2.23815296e-04 -2.03733984e-03
  9.22787585e-04 -7.11954664e-03  4.32656845e-04  5.00417547e-04
 -2.49774009e-03 -3.85860354e-03 -1.30229620e-02 -4.46368381e-03
 -2.52026063e-03 -2.52647675e-03 -1.82982115e-03  4.31708788e-04
 -1.22577150e-03 -7.18825031e-03 -1.44904631e-03 -9.27455071e-03
 -3.23169515e-03 -8.81847925e-03  8.00558599e-04 -1.48801552e-03
  3.72834457e-03 -3.68872704e-03  1.72244827e-03  2.66840798e-03
 -7.30900269e-04 -1.39918484e-04 -1.78741314e-03 -2.17640831e-04
  9.72601818e-04  3.02564178e-04  3.41236638e-03 -2.05190212e-04
  3.22667503e-04 -2.15003639e-03 -2.60816421e-03 -2.02934491e-03
  4.10085637e-03  3.33973486e-03  1.61357597e-03  5.59282926e-05
 -5.07248682e-04  2.43243622e-03 -7.01840548e-03  4.14322456e-03
 -3.00446409e-03  4.71948151e-04  2.58160941e-03  4.10404929e-04
 -6.83526217e-04 -3.80291790e-03 -6.46133767e-03 -4.17637872e-03]
gradient209:[[[[ 8.1956852e-05 -7.0867065e-04  1.4582700e-02 ...  8.6984743e-04
     9.6317297e-03  3.0118125e-03]
   [-3.0757219e-05  0.0000000e+00 -6.1675659e-03 ... -1.5487516e-03
     8.0053126e-03 -1.7028116e-02]
   [ 0.0000000e+00 -5.6030508e-04  6.2818965e-03 ... -9.8258827e-04
    -4.9642974e-04 -5.4479213e-03]
   ...
   [-5.1980896e-05 -1.7074839e-04 -1.6178588e-03 ... -5.1214942e-05
     3.1853586e-03  5.1308220e-05]
   [ 9.8507444e-05 -6.9598568e-04 -5.6800004e-03 ... -4.4881697e-03
     1.1010768e-02 -5.6936289e-03]
   [ 4.9038901e-04 -1.3932394e-04 -1.6772583e-03 ...  4.7064614e-03
     1.0787625e-02 -3.8553437e-03]]]]
gradient210:[ 0.00035564 -0.00220469  0.00350178 ... -0.01841768  0.01180038
 -0.01409892]
gradient211:[ 2.3274833e-05 -2.4552565e-04  1.6563574e-03 ...  9.7330054e-04
  3.9924546e-03 -1.7136128e-03]
gradient212:[ 2.6373371e-05 -1.5341816e-04  2.4780724e-04 ... -1.4056875e-03
  8.1475329e-04 -9.8381133e-04]
gradient213:[[ 3.2608936e-05  2.5573245e-04  6.5411292e-03 ... -1.2688757e-02
   1.7144371e-06  8.8077002e-07]
 [ 6.6566026e-06  1.6499376e-04  1.4235346e-03 ... -8.2297024e-04
   1.5694212e-06  2.4789379e-03]
 [ 1.5992142e-04  7.6126674e-04  2.3107708e-02 ... -4.7300726e-02
   3.3051405e-05  5.0862130e-02]
 ...
 [ 8.0861797e-04  5.3637163e-03  6.1511276e-03 ...  6.8274429e-03
   4.5086531e-04  1.2998949e-04]
 [ 3.7892719e-04  5.7988418e-03  7.9957537e-02 ... -1.0774316e-01
   2.8022207e-05  1.8540740e-02]
 [ 1.3114717e-04  2.0532070e-03  5.7748021e-03 ...  9.8718386e-03
   7.2971743e-05  3.8410069e-03]]
gradient214:[ 8.12119106e-04  5.63171040e-03  3.17712761e-02  1.07409498e-02
 -8.17161500e-02  1.59896375e-03  2.27279117e-04  7.07388317e-05
 -7.41600106e-03  1.53915054e-04  2.79437867e-03  3.20508447e-03
  2.67717112e-02  1.14826206e-03  1.10957380e-02  1.06571033e-03
  4.73527412e-04 -5.70772551e-02  3.75462289e-04  5.48002962e-03
  2.78378837e-03  7.00623379e-04  2.29435143e-04  2.72487826e-03
  1.41079798e-02  1.68910914e-03  7.55762216e-03  3.25795030e-03
  1.11401845e-02  1.13400747e-03  2.30451697e-04  1.61191951e-02
  5.72943536e-04 -4.20257589e-03 -4.36331108e-02  3.95907176e-04
  2.79841535e-02]
